[1, 5, 10, 25, 50]
0
[1, 5, 10, 25, 50]
1
[1, 5, 10, 25, 50]
2
[1, 5, 10, 25, 50]
3
[1, 5, 10, 25, 50]
4
[1, 5, 10, 25, 50]
5
[1, 5, 10, 25, 50]
6
[1, 5, 10, 25, 50]
7
[1, 5, 10, 25, 50]
8
[1, 5, 10, 25, 50]
9
[1, 5, 10, 25, 50]
10
[1, 5, 10, 25, 50]
11
[1, 5, 10, 25, 50]
12
[1, 5, 10, 25, 50]
13
[1, 5, 10, 25, 50]
14
[1, 5, 10, 25, 50]
15
[1, 5, 10, 25, 50]
16
[1, 5, 10, 25, 50]
17
[1, 5, 10, 25, 50]
18
[1, 5, 10, 25, 50]
19
[1, 5, 10, 25, 50]
20
[1, 5, 10, 25, 50]
21
[1, 5, 10, 25, 50]
22
[1, 5, 10, 25, 50]
23
[1, 5, 10, 25, 50]
24
[1, 5, 10, 25, 50]
25
[1, 5, 10, 25, 50]
26
[1, 5, 10, 25, 50]
27
[1, 5, 10, 25, 50]
28
[1, 5, 10, 25, 50]
29
[1, 5, 10, 25, 50]
30
[1, 5, 10, 25, 50]
31
[1, 5, 10, 25, 50]
32
[1, 5, 10, 25, 50]
33
[1, 5, 10, 25, 50]
34
[1, 5, 10, 25, 50]
35
[1, 5, 10, 25, 50]
36
[1, 5, 10, 25, 50]
37
[1, 5, 10, 25, 50]
38
[1, 5, 10, 25, 50]
39
[1, 5, 10, 25, 50]
40
[1, 5, 10, 25, 50]
41
[1, 5, 10, 25, 50]
42
[1, 5, 10, 25, 50]
43
[1, 5, 10, 25, 50]
44
[1, 5, 10, 25, 50]
45
[1, 5, 10, 25, 50]
46
[1, 5, 10, 25, 50]
47
[1, 5, 10, 25, 50]
48
[1, 5, 10, 25, 50]
49
[1, 5, 10, 25, 50]
50
[1, 5, 10, 25, 50]
51
[1, 5, 10, 25, 50]
52
[1, 5, 10, 25, 50]
53
[1, 5, 10, 25, 50]
54
[1, 5, 10, 25, 50]
55
[1, 5, 10, 25, 50]
56
[1, 5, 10, 25, 50]
57
[1, 5, 10, 25, 50]
58
[1, 5, 10, 25, 50]
59
[1, 5, 10, 25, 50]
60
[1, 5, 10, 25, 50]
61
[1, 5, 10, 25, 50]
62
[1, 5, 10, 25, 50]
63
[1, 5, 10, 25, 50]
64
[1, 5, 10, 25, 50]
65
[1, 5, 10, 25, 50]
66
[1, 5, 10, 25, 50]
67
[1, 5, 10, 25, 50]
68
[1, 5, 10, 25, 50]
69
[1, 5, 10, 25, 50]
70
[1, 5, 10, 25, 50]
71
[1, 5, 10, 25, 50]
72
[1, 5, 10, 25, 50]
73
[1, 5, 10, 25, 50]
74
[1, 5, 10, 25, 50]
75
[1, 5, 10, 25, 50]
76
[1, 5, 10, 25, 50]
77
[1, 5, 10, 25, 50]
78
[1, 5, 10, 25, 50]
79
[1, 5, 10, 25, 50]
80
[1, 5, 10, 25, 50]
81
[1, 5, 10, 25, 50]
82
[1, 5, 10, 25, 50]
83
[1, 5, 10, 25, 50]
84
[1, 5, 10, 25, 50]
85
[1, 5, 10, 25, 50]
86
[1, 5, 10, 25, 50]
87
[1, 5, 10, 25, 50]
88
[1, 5, 10, 25, 50]
89
[1, 5, 10, 25, 50]
90
[1, 5, 10, 25, 50]
91
[1, 5, 10, 25, 50]
92
[1, 5, 10, 25, 50]
93
[1, 5, 10, 25, 50]
94
[1, 5, 10, 25, 50]
95
[1, 5, 10, 25, 50]
96
[1, 5, 10, 25, 50]
97
[1, 5, 10, 25, 50]
98
[1, 5, 10, 25, 50]
99
[1, 5, 10, 25, 50]
100
[1, 5, 10, 25, 50]
101
[1, 5, 10, 25, 50]
102
[1, 5, 10, 25, 50]
103
[1, 5, 10, 25, 50]
104
[1, 5, 10, 25, 50]
105
[1, 5, 10, 25, 50]
106
[1, 5, 10, 25, 50]
107
[1, 5, 10, 25, 50]
108
[1, 5, 10, 25, 50]
109
[1, 5, 10, 25, 50]
110
[1, 5, 10, 25, 50]
111
[1, 5, 10, 25, 50]
112
[1, 5, 10, 25, 50]
113
[1, 5, 10, 25, 50]
114
[1, 5, 10, 25, 50]
115
[1, 5, 10, 25, 50]
116
[1, 5, 10, 25, 50]
117
[1, 5, 10, 25, 50]
118
[1, 5, 10, 25, 50]
119
[1, 5, 10, 25, 50]
120
[1, 5, 10, 25, 50]
121
[1, 5, 10, 25, 50]
122
[1, 5, 10, 25, 50]
123
[1, 5, 10, 25, 50]
124
[1, 5, 10, 25, 50]
125
[1, 5, 10, 25, 50]
126
[1, 5, 10, 25, 50]
127
[1, 5, 10, 25, 50]
128
[1, 5, 10, 25, 50]
129
[1, 5, 10, 25, 50]
130
[1, 5, 10, 25, 50]
131
[1, 5, 10, 25, 50]
132
[1, 5, 10, 25, 50]
133
[1, 5, 10, 25, 50]
134
[1, 5, 10, 25, 50]
135
[1, 5, 10, 25, 50]
136
[1, 5, 10, 25, 50]
137
[1, 5, 10, 25, 50]
138
[1, 5, 10, 25, 50]
139
[1, 5, 10, 25, 50]
140
[1, 5, 10, 25, 50]
141
[1, 5, 10, 25, 50]
142
[1, 5, 10, 25, 50]
143
[1, 5, 10, 25, 50]
144
[1, 5, 10, 25, 50]
145
[1, 5, 10, 25, 50]
146
[1, 5, 10, 25, 50]
147
[1, 5, 10, 25, 50]
148
[1, 5, 10, 25, 50]
149
[1, 5, 10, 25, 50]
150
[1, 5, 10, 25, 50]
151
[1, 5, 10, 25, 50]
152
[1, 5, 10, 25, 50]
153
[1, 5, 10, 25, 50]
154
[1, 5, 10, 25, 50]
155
[1, 5, 10, 25, 50]
156
[1, 5, 10, 25, 50]
157
[1, 5, 10, 25, 50]
158
[1, 5, 10, 25, 50]
159
[1, 5, 10, 25, 50]
160
[1, 5, 10, 25, 50]
161
[1, 5, 10, 25, 50]
162
[1, 5, 10, 25, 50]
163
[1, 5, 10, 25, 50]
164
[1, 5, 10, 25, 50]
165
[1, 5, 10, 25, 50]
166
[1, 5, 10, 25, 50]
167
[1, 5, 10, 25, 50]
168
[1, 5, 10, 25, 50]
169
[1, 5, 10, 25, 50]
170
[1, 5, 10, 25, 50]
171
[1, 5, 10, 25, 50]
172
[1, 5, 10, 25, 50]
173
[1, 5, 10, 25, 50]
174
[1, 5, 10, 25, 50]
175
[1, 5, 10, 25, 50]
176
[1, 5, 10, 25, 50]
177
[1, 5, 10, 25, 50]
178
[1, 5, 10, 25, 50]
179
[1, 5, 10, 25, 50]
180
[1, 5, 10, 25, 50]
181
[1, 5, 10, 25, 50]
182
[1, 5, 10, 25, 50]
183
[1, 5, 10, 25, 50]
184
[1, 5, 10, 25, 50]
185
[1, 5, 10, 25, 50]
186
[1, 5, 10, 25, 50]
187
[1, 5, 10, 25, 50]
188
[1, 5, 10, 25, 50]
189
[1, 5, 10, 25, 50]
190
[1, 5, 10, 25, 50]
191
[1, 5, 10, 25, 50]
192
[1, 5, 10, 25, 50]
193
[1, 5, 10, 25, 50]
194
[1, 5, 10, 25, 50]
195
[1, 5, 10, 25, 50]
196
[1, 5, 10, 25, 50]
197
[1, 5, 10, 25, 50]
198
[1, 5, 10, 25, 50]
199
[1, 5, 10, 25, 50]
200
[1, 5, 10, 25, 50]
201
[1, 5, 10, 25, 50]
202
[1, 5, 10, 25, 50]
203
[1, 5, 10, 25, 50]
204
[1, 5, 10, 25, 50]
205
[1, 5, 10, 25, 50]
206
[1, 5, 10, 25, 50]
207
[1, 5, 10, 25, 50]
208
[1, 5, 10, 25, 50]
209
[1, 5, 10, 25, 50]
210
[1, 5, 10, 25, 50]
211
[1, 5, 10, 25, 50]
212
[1, 5, 10, 25, 50]
213
[1, 5, 10, 25, 50]
214
[1, 5, 10, 25, 50]
215
[1, 5, 10, 25, 50]
216
[1, 5, 10, 25, 50]
217
[1, 5, 10, 25, 50]
218
[1, 5, 10, 25, 50]
219
[1, 5, 10, 25, 50]
220
[1, 5, 10, 25, 50]
221
[1, 5, 10, 25, 50]
222
[1, 5, 10, 25, 50]
223
[1, 5, 10, 25, 50]
224
[1, 5, 10, 25, 50]
225
[1, 5, 10, 25, 50]
226
[1, 5, 10, 25, 50]
227
[1, 5, 10, 25, 50]
228
[1, 5, 10, 25, 50]
229
[1, 5, 10, 25, 50]
230
[1, 5, 10, 25, 50]
231
[1, 5, 10, 25, 50]
232
[1, 5, 10, 25, 50]
233
[1, 5, 10, 25, 50]
234
[1, 5, 10, 25, 50]
235
[1, 5, 10, 25, 50]
236
[1, 5, 10, 25, 50]
237
[1, 5, 10, 25, 50]
238
[1, 5, 10, 25, 50]
239
[1, 5, 10, 25, 50]
240
[1, 5, 10, 25, 50]
241
[1, 5, 10, 25, 50]
242
[1, 5, 10, 25, 50]
243
[1, 5, 10, 25, 50]
244
[1, 5, 10, 25, 50]
245
[1, 5, 10, 25, 50]
246
[1, 5, 10, 25, 50]
247
[1, 5, 10, 25, 50]
248
[1, 5, 10, 25, 50]
249
[1, 5, 10, 25, 50]
250
[1, 5, 10, 25, 50]
251
[1, 5, 10, 25, 50]
252
[1, 5, 10, 25, 50]
253
[1, 5, 10, 25, 50]
254
[1, 5, 10, 25, 50]
255
[1, 5, 10, 25, 50]
256
[1, 5, 10, 25, 50]
257
[1, 5, 10, 25, 50]
258
[1, 5, 10, 25, 50]
259
[1, 5, 10, 25, 50]
260
[1, 5, 10, 25, 50]
261
[1, 5, 10, 25, 50]
262
[1, 5, 10, 25, 50]
263
[1, 5, 10, 25, 50]
264
[1, 5, 10, 25, 50]
265
[1, 5, 10, 25, 50]
266
[1, 5, 10, 25, 50]
267
[1, 5, 10, 25, 50]
268
[1, 5, 10, 25, 50]
269
[1, 5, 10, 25, 50]
270
[1, 5, 10, 25, 50]
271
[1, 5, 10, 25, 50]
272
[1, 5, 10, 25, 50]
273
[1, 5, 10, 25, 50]
274
[1, 5, 10, 25, 50]
275
[1, 5, 10, 25, 50]
276
[1, 5, 10, 25, 50]
277
[1, 5, 10, 25, 50]
278
[1, 5, 10, 25, 50]
279
[1, 5, 10, 25, 50]
280
[1, 5, 10, 25, 50]
281
[1, 5, 10, 25, 50]
282
[1, 5, 10, 25, 50]
283
[1, 5, 10, 25, 50]
284
[1, 5, 10, 25, 50]
285
[1, 5, 10, 25, 50]
286
[1, 5, 10, 25, 50]
287
[1, 5, 10, 25, 50]
288
[1, 5, 10, 25, 50]
289
[1, 5, 10, 25, 50]
290
[1, 5, 10, 25, 50]
291
[1, 5, 10, 25, 50]
292
[1, 5, 10, 25, 50]
293
[1, 5, 10, 25, 50]
294
[1, 5, 10, 25, 50]
295
[1, 5, 10, 25, 50]
296
[1, 5, 10, 25, 50]
297
[1, 5, 10, 25, 50]
298
[1, 5, 10, 25, 50]
299
[1, 5, 10, 25, 50]
300
[1, 5, 10, 25, 50]
301
[1, 5, 10, 25, 50]
302
[1, 5, 10, 25, 50]
303
[1, 5, 10, 25, 50]
304
[1, 5, 10, 25, 50]
305
[1, 5, 10, 25, 50]
306
[1, 5, 10, 25, 50]
307
[1, 5, 10, 25, 50]
308
[1, 5, 10, 25, 50]
309
[1, 5, 10, 25, 50]
310
[1, 5, 10, 25, 50]
311
[1, 5, 10, 25, 50]
312
[1, 5, 10, 25, 50]
313
[1, 5, 10, 25, 50]
314
[1, 5, 10, 25, 50]
315
[1, 5, 10, 25, 50]
316
[1, 5, 10, 25, 50]
317
[1, 5, 10, 25, 50]
318
[1, 5, 10, 25, 50]
319
[1, 5, 10, 25, 50]
320
[1, 5, 10, 25, 50]
321
[1, 5, 10, 25, 50]
322
[1, 5, 10, 25, 50]
323
[1, 5, 10, 25, 50]
324
[1, 5, 10, 25, 50]
325
[1, 5, 10, 25, 50]
326
[1, 5, 10, 25, 50]
327
[1, 5, 10, 25, 50]
328
[1, 5, 10, 25, 50]
329
[1, 5, 10, 25, 50]
330
[1, 5, 10, 25, 50]
331
[1, 5, 10, 25, 50]
332
[1, 5, 10, 25, 50]
333
[1, 5, 10, 25, 50]
334
[1, 5, 10, 25, 50]
335
[1, 5, 10, 25, 50]
336
[1, 5, 10, 25, 50]
337
[1, 5, 10, 25, 50]
338
[1, 5, 10, 25, 50]
339
[1, 5, 10, 25, 50]
340
[1, 5, 10, 25, 50]
341
[1, 5, 10, 25, 50]
342
[1, 5, 10, 25, 50]
343
[1, 5, 10, 25, 50]
344
[1, 5, 10, 25, 50]
345
[1, 5, 10, 25, 50]
346
[1, 5, 10, 25, 50]
347
[1, 5, 10, 25, 50]
348
[1, 5, 10, 25, 50]
349
[1, 5, 10, 25, 50]
350
[1, 5, 10, 25, 50]
351
[1, 5, 10, 25, 50]
352
[1, 5, 10, 25, 50]
353
[1, 5, 10, 25, 50]
354
[1, 5, 10, 25, 50]
355
[1, 5, 10, 25, 50]
356
[1, 5, 10, 25, 50]
357
[1, 5, 10, 25, 50]
358
[1, 5, 10, 25, 50]
359
[1, 5, 10, 25, 50]
360
[1, 5, 10, 25, 50]
361
[1, 5, 10, 25, 50]
362
[1, 5, 10, 25, 50]
363
[1, 5, 10, 25, 50]
364
[1, 5, 10, 25, 50]
365
[1, 5, 10, 25, 50]
366
[1, 5, 10, 25, 50]
367
[1, 5, 10, 25, 50]
368
[1, 5, 10, 25, 50]
369
[1, 5, 10, 25, 50]
370
[1, 5, 10, 25, 50]
371
[1, 5, 10, 25, 50]
372
[1, 5, 10, 25, 50]
373
[1, 5, 10, 25, 50]
374
[1, 5, 10, 25, 50]
375
[1, 5, 10, 25, 50]
376
[1, 5, 10, 25, 50]
377
[1, 5, 10, 25, 50]
378
[1, 5, 10, 25, 50]
379
[1, 5, 10, 25, 50]
380
[1, 5, 10, 25, 50]
381
[1, 5, 10, 25, 50]
382
[1, 5, 10, 25, 50]
383
[1, 5, 10, 25, 50]
384
[1, 5, 10, 25, 50]
385
[1, 5, 10, 25, 50]
386
[1, 5, 10, 25, 50]
387
[1, 5, 10, 25, 50]
388
[1, 5, 10, 25, 50]
389
[1, 5, 10, 25, 50]
390
[1, 5, 10, 25, 50]
391
[1, 5, 10, 25, 50]
392
[1, 5, 10, 25, 50]
393
[1, 5, 10, 25, 50]
394
[1, 5, 10, 25, 50]
395
[1, 5, 10, 25, 50]
396
[1, 5, 10, 25, 50]
397
[1, 5, 10, 25, 50]
398
[1, 5, 10, 25, 50]
399
[1, 5, 10, 25, 50]
400
[1, 5, 10, 25, 50]
401
[1, 5, 10, 25, 50]
402
[1, 5, 10, 25, 50]
403
[1, 5, 10, 25, 50]
404
[1, 5, 10, 25, 50]
405
[1, 5, 10, 25, 50]
406
[1, 5, 10, 25, 50]
407
[1, 5, 10, 25, 50]
408
[1, 5, 10, 25, 50]
409
[1, 5, 10, 25, 50]
410
[1, 5, 10, 25, 50]
411
[1, 5, 10, 25, 50]
412
[1, 5, 10, 25, 50]
413
[1, 5, 10, 25, 50]
414
[1, 5, 10, 25, 50]
415
[1, 5, 10, 25, 50]
416
[1, 5, 10, 25, 50]
417
[1, 5, 10, 25, 50]
418
[1, 5, 10, 25, 50]
419
[1, 5, 10, 25, 50]
420
[1, 5, 10, 25, 50]
421
[1, 5, 10, 25, 50]
422
[1, 5, 10, 25, 50]
423
[1, 5, 10, 25, 50]
424
[1, 5, 10, 25, 50]
425
[1, 5, 10, 25, 50]
426
[1, 5, 10, 25, 50]
427
[1, 5, 10, 25, 50]
428
[1, 5, 10, 25, 50]
429
[1, 5, 10, 25, 50]
430
[1, 5, 10, 25, 50]
431
[1, 5, 10, 25, 50]
432
[1, 5, 10, 25, 50]
433
[1, 5, 10, 25, 50]
434
[1, 5, 10, 25, 50]
435
[1, 5, 10, 25, 50]
436
[1, 5, 10, 25, 50]
437
[1, 5, 10, 25, 50]
438
[1, 5, 10, 25, 50]
439
[1, 5, 10, 25, 50]
440
[1, 5, 10, 25, 50]
441
[1, 5, 10, 25, 50]
442
[1, 5, 10, 25, 50]
443
[1, 5, 10, 25, 50]
444
[1, 5, 10, 25, 50]
445
[1, 5, 10, 25, 50]
446
[1, 5, 10, 25, 50]
447
[1, 5, 10, 25, 50]
448
[1, 5, 10, 25, 50]
449
[1, 5, 10, 25, 50]
450
[1, 5, 10, 25, 50]
451
[1, 5, 10, 25, 50]
452
[1, 5, 10, 25, 50]
453
[1, 5, 10, 25, 50]
454
[1, 5, 10, 25, 50]
455
[1, 5, 10, 25, 50]
456
[1, 5, 10, 25, 50]
457
[1, 5, 10, 25, 50]
458
[1, 5, 10, 25, 50]
459
[1, 5, 10, 25, 50]
460
[1, 5, 10, 25, 50]
461
[1, 5, 10, 25, 50]
462
[1, 5, 10, 25, 50]
463
[1, 5, 10, 25, 50]
464
[1, 5, 10, 25, 50]
465
[1, 5, 10, 25, 50]
466
[1, 5, 10, 25, 50]
467
[1, 5, 10, 25, 50]
468
[1, 5, 10, 25, 50]
469
[1, 5, 10, 25, 50]
470
[1, 5, 10, 25, 50]
471
[1, 5, 10, 25, 50]
472
[1, 5, 10, 25, 50]
473
[1, 5, 10, 25, 50]
474
[1, 5, 10, 25, 50]
475
[1, 5, 10, 25, 50]
476
[1, 5, 10, 25, 50]
477
[1, 5, 10, 25, 50]
478
[1, 5, 10, 25, 50]
479
[1, 5, 10, 25, 50]
480
[1, 5, 10, 25, 50]
481
[1, 5, 10, 25, 50]
482
[1, 5, 10, 25, 50]
483
[1, 5, 10, 25, 50]
484
[1, 5, 10, 25, 50]
485
[1, 5, 10, 25, 50]
486
[1, 5, 10, 25, 50]
487
[1, 5, 10, 25, 50]
488
[1, 5, 10, 25, 50]
489
[1, 5, 10, 25, 50]
490
[1, 5, 10, 25, 50]
491
[1, 5, 10, 25, 50]
492
[1, 5, 10, 25, 50]
493
[1, 5, 10, 25, 50]
494
[1, 5, 10, 25, 50]
495
[1, 5, 10, 25, 50]
496
[1, 5, 10, 25, 50]
497
[1, 5, 10, 25, 50]
498
[1, 5, 10, 25, 50]
499
[1, 5, 10, 25, 50]
500
[1, 5, 10, 25, 50]
501
[1, 5, 10, 25, 50]
502
[1, 5, 10, 25, 50]
503
[1, 5, 10, 25, 50]
504
[1, 5, 10, 25, 50]
505
[1, 5, 10, 25, 50]
506
[1, 5, 10, 25, 50]
507
[1, 5, 10, 25, 50]
508
[1, 5, 10, 25, 50]
509
[1, 5, 10, 25, 50]
510
[1, 5, 10, 25, 50]
511
[1, 5, 10, 25, 50]
512
[1, 5, 10, 25, 50]
513
[1, 5, 10, 25, 50]
514
[1, 5, 10, 25, 50]
515
[1, 5, 10, 25, 50]
516
[1, 5, 10, 25, 50]
517
[1, 5, 10, 25, 50]
518
[1, 5, 10, 25, 50]
519
[1, 5, 10, 25, 50]
520
[1, 5, 10, 25, 50]
521
[1, 5, 10, 25, 50]
522
[1, 5, 10, 25, 50]
523
[1, 5, 10, 25, 50]
524
[1, 5, 10, 25, 50]
525
[1, 5, 10, 25, 50]
526
[1, 5, 10, 25, 50]
527
[1, 5, 10, 25, 50]
528
[1, 5, 10, 25, 50]
529
[1, 5, 10, 25, 50]
530
[1, 5, 10, 25, 50]
531
[1, 5, 10, 25, 50]
532
[1, 5, 10, 25, 50]
533
[1, 5, 10, 25, 50]
534
[1, 5, 10, 25, 50]
535
[1, 5, 10, 25, 50]
536
[1, 5, 10, 25, 50]
537
[1, 5, 10, 25, 50]
538
[1, 5, 10, 25, 50]
539
[1, 5, 10, 25, 50]
540
[1, 5, 10, 25, 50]
541
[1, 5, 10, 25, 50]
542
[1, 5, 10, 25, 50]
543
[1, 5, 10, 25, 50]
544
[1, 5, 10, 25, 50]
545
[1, 5, 10, 25, 50]
546
[1, 5, 10, 25, 50]
547
[1, 5, 10, 25, 50]
548
[1, 5, 10, 25, 50]
549
[1, 5, 10, 25, 50]
550
[1, 5, 10, 25, 50]
551
[1, 5, 10, 25, 50]
552
[1, 5, 10, 25, 50]
553
[1, 5, 10, 25, 50]
554
[1, 5, 10, 25, 50]
555
[1, 5, 10, 25, 50]
556
[1, 5, 10, 25, 50]
557
[1, 5, 10, 25, 50]
558
[1, 5, 10, 25, 50]
559
[1, 5, 10, 25, 50]
560
[1, 5, 10, 25, 50]
561
[1, 5, 10, 25, 50]
562
[1, 5, 10, 25, 50]
563
[1, 5, 10, 25, 50]
564
[1, 5, 10, 25, 50]
565
[1, 5, 10, 25, 50]
566
[1, 5, 10, 25, 50]
567
[1, 5, 10, 25, 50]
568
[1, 5, 10, 25, 50]
569
[1, 5, 10, 25, 50]
570
[1, 5, 10, 25, 50]
571
[1, 5, 10, 25, 50]
572
[1, 5, 10, 25, 50]
573
[1, 5, 10, 25, 50]
574
[1, 5, 10, 25, 50]
575
[1, 5, 10, 25, 50]
576
[1, 5, 10, 25, 50]
577
[1, 5, 10, 25, 50]
578
[1, 5, 10, 25, 50]
579
[1, 5, 10, 25, 50]
580
[1, 5, 10, 25, 50]
581
[1, 5, 10, 25, 50]
582
[1, 5, 10, 25, 50]
583
[1, 5, 10, 25, 50]
584
[1, 5, 10, 25, 50]
585
[1, 5, 10, 25, 50]
586
[1, 5, 10, 25, 50]
587
[1, 5, 10, 25, 50]
588
[1, 5, 10, 25, 50]
589
[1, 5, 10, 25, 50]
590
[1, 5, 10, 25, 50]
591
[1, 5, 10, 25, 50]
592
[1, 5, 10, 25, 50]
593
[1, 5, 10, 25, 50]
594
[1, 5, 10, 25, 50]
595
[1, 5, 10, 25, 50]
596
[1, 5, 10, 25, 50]
597
[1, 5, 10, 25, 50]
598
[1, 5, 10, 25, 50]
599
[1, 5, 10, 25, 50]
600
[1, 5, 10, 25, 50]
601
[1, 5, 10, 25, 50]
602
[1, 5, 10, 25, 50]
603
[1, 5, 10, 25, 50]
604
[1, 5, 10, 25, 50]
605
[1, 5, 10, 25, 50]
606
[1, 5, 10, 25, 50]
607
[1, 5, 10, 25, 50]
608
[1, 5, 10, 25, 50]
609
[1, 5, 10, 25, 50]
610
[1, 5, 10, 25, 50]
611
[1, 5, 10, 25, 50]
612
[1, 5, 10, 25, 50]
613
[1, 5, 10, 25, 50]
614
[1, 5, 10, 25, 50]
615
[1, 5, 10, 25, 50]
616
[1, 5, 10, 25, 50]
617
[1, 5, 10, 25, 50]
618
[1, 5, 10, 25, 50]
619
[1, 5, 10, 25, 50]
620
[1, 5, 10, 25, 50]
621
[1, 5, 10, 25, 50]
622
[1, 5, 10, 25, 50]
623
[1, 5, 10, 25, 50]
624
[1, 5, 10, 25, 50]
625
[1, 5, 10, 25, 50]
626
[1, 5, 10, 25, 50]
627
[1, 5, 10, 25, 50]
628
[1, 5, 10, 25, 50]
629
[1, 5, 10, 25, 50]
630
[1, 5, 10, 25, 50]
631
[1, 5, 10, 25, 50]
632
[1, 5, 10, 25, 50]
633
[1, 5, 10, 25, 50]
634
[1, 5, 10, 25, 50]
635
[1, 5, 10, 25, 50]
636
[1, 5, 10, 25, 50]
637
[1, 5, 10, 25, 50]
638
[1, 5, 10, 25, 50]
639
[1, 5, 10, 25, 50]
640
[1, 5, 10, 25, 50]
641
[1, 5, 10, 25, 50]
642
[1, 5, 10, 25, 50]
643
[1, 5, 10, 25, 50]
644
[1, 5, 10, 25, 50]
645
[1, 5, 10, 25, 50]
646
[1, 5, 10, 25, 50]
647
[1, 5, 10, 25, 50]
648
[1, 5, 10, 25, 50]
649
[1, 5, 10, 25, 50]
650
[1, 5, 10, 25, 50]
651
[1, 5, 10, 25, 50]
652
[1, 5, 10, 25, 50]
653
[1, 5, 10, 25, 50]
654
[1, 5, 10, 25, 50]
655
[1, 5, 10, 25, 50]
656
[1, 5, 10, 25, 50]
657
[1, 5, 10, 25, 50]
658
[1, 5, 10, 25, 50]
659
[1, 5, 10, 25, 50]
660
[1, 5, 10, 25, 50]
661
[1, 5, 10, 25, 50]
662
[1, 5, 10, 25, 50]
663
[1, 5, 10, 25, 50]
664
[1, 5, 10, 25, 50]
665
[1, 5, 10, 25, 50]
666
[1, 5, 10, 25, 50]
667
[1, 5, 10, 25, 50]
668
[1, 5, 10, 25, 50]
669
[1, 5, 10, 25, 50]
670
[1, 5, 10, 25, 50]
671
[1, 5, 10, 25, 50]
672
[1, 5, 10, 25, 50]
673
[1, 5, 10, 25, 50]
674
[1, 5, 10, 25, 50]
675
[1, 5, 10, 25, 50]
676
[1, 5, 10, 25, 50]
677
[1, 5, 10, 25, 50]
678
[1, 5, 10, 25, 50]
679
[1, 5, 10, 25, 50]
680
[1, 5, 10, 25, 50]
681
[1, 5, 10, 25, 50]
682
[1, 5, 10, 25, 50]
683
[1, 5, 10, 25, 50]
684
[1, 5, 10, 25, 50]
685
[1, 5, 10, 25, 50]
686
[1, 5, 10, 25, 50]
687
[1, 5, 10, 25, 50]
688
[1, 5, 10, 25, 50]
689
[1, 5, 10, 25, 50]
690
[1, 5, 10, 25, 50]
691
[1, 5, 10, 25, 50]
692
[1, 5, 10, 25, 50]
693
[1, 5, 10, 25, 50]
694
[1, 5, 10, 25, 50]
695
[1, 5, 10, 25, 50]
696
[1, 5, 10, 25, 50]
697
[1, 5, 10, 25, 50]
698
[1, 5, 10, 25, 50]
699
[1, 5, 10, 25, 50]
700
[1, 5, 10, 25, 50]
701
[1, 5, 10, 25, 50]
702
[1, 5, 10, 25, 50]
703
[1, 5, 10, 25, 50]
704
[1, 5, 10, 25, 50]
705
[1, 5, 10, 25, 50]
706
[1, 5, 10, 25, 50]
707
[1, 5, 10, 25, 50]
708
[1, 5, 10, 25, 50]
709
[1, 5, 10, 25, 50]
710
[1, 5, 10, 25, 50]
711
[1, 5, 10, 25, 50]
712
[1, 5, 10, 25, 50]
713
[1, 5, 10, 25, 50]
714
[1, 5, 10, 25, 50]
715
[1, 5, 10, 25, 50]
716
[1, 5, 10, 25, 50]
717
[1, 5, 10, 25, 50]
718
[1, 5, 10, 25, 50]
719
[1, 5, 10, 25, 50]
720
[1, 5, 10, 25, 50]
721
[1, 5, 10, 25, 50]
722
[1, 5, 10, 25, 50]
723
[1, 5, 10, 25, 50]
724
[1, 5, 10, 25, 50]
725
[1, 5, 10, 25, 50]
726
[1, 5, 10, 25, 50]
727
[1, 5, 10, 25, 50]
728
[1, 5, 10, 25, 50]
729
[1, 5, 10, 25, 50]
730
[1, 5, 10, 25, 50]
731
[1, 5, 10, 25, 50]
732
[1, 5, 10, 25, 50]
733
[1, 5, 10, 25, 50]
734
[1, 5, 10, 25, 50]
735
[1, 5, 10, 25, 50]
736
[1, 5, 10, 25, 50]
737
[1, 5, 10, 25, 50]
738
[1, 5, 10, 25, 50]
739
[1, 5, 10, 25, 50]
740
[1, 5, 10, 25, 50]
741
[1, 5, 10, 25, 50]
742
[1, 5, 10, 25, 50]
743
[1, 5, 10, 25, 50]
744
[1, 5, 10, 25, 50]
745
[1, 5, 10, 25, 50]
746
[1, 5, 10, 25, 50]
747
[1, 5, 10, 25, 50]
748
[1, 5, 10, 25, 50]
749
[1, 5, 10, 25, 50]
750
[1, 5, 10, 25, 50]
751
[1, 5, 10, 25, 50]
752
[1, 5, 10, 25, 50]
753
[1, 5, 10, 25, 50]
754
[1, 5, 10, 25, 50]
755
[1, 5, 10, 25, 50]
756
[1, 5, 10, 25, 50]
757
[1, 5, 10, 25, 50]
758
[1, 5, 10, 25, 50]
759
[1, 5, 10, 25, 50]
760
[1, 5, 10, 25, 50]
761
[1, 5, 10, 25, 50]
762
[1, 5, 10, 25, 50]
763
[1, 5, 10, 25, 50]
764
[1, 5, 10, 25, 50]
765
[1, 5, 10, 25, 50]
766
[1, 5, 10, 25, 50]
767
[1, 5, 10, 25, 50]
768
[1, 5, 10, 25, 50]
769
[1, 5, 10, 25, 50]
770
[1, 5, 10, 25, 50]
771
[1, 5, 10, 25, 50]
772
[1, 5, 10, 25, 50]
773
[1, 5, 10, 25, 50]
774
[1, 5, 10, 25, 50]
775
[1, 5, 10, 25, 50]
776
[1, 5, 10, 25, 50]
777
[1, 5, 10, 25, 50]
778
[1, 5, 10, 25, 50]
779
[1, 5, 10, 25, 50]
780
[1, 5, 10, 25, 50]
781
[1, 5, 10, 25, 50]
782
[1, 5, 10, 25, 50]
783
[1, 5, 10, 25, 50]
784
[1, 5, 10, 25, 50]
785
[1, 5, 10, 25, 50]
786
[1, 5, 10, 25, 50]
787
[1, 5, 10, 25, 50]
788
[1, 5, 10, 25, 50]
789
[1, 5, 10, 25, 50]
790
[1, 5, 10, 25, 50]
791
[1, 5, 10, 25, 50]
792
[1, 5, 10, 25, 50]
793
[1, 5, 10, 25, 50]
794
[1, 5, 10, 25, 50]
795
[1, 5, 10, 25, 50]
796
[1, 5, 10, 25, 50]
797
[1, 5, 10, 25, 50]
798
[1, 5, 10, 25, 50]
799
[1, 5, 10, 25, 50]
800
[1, 5, 10, 25, 50]
801
[1, 5, 10, 25, 50]
802
[1, 5, 10, 25, 50]
803
[1, 5, 10, 25, 50]
804
[1, 5, 10, 25, 50]
805
[1, 5, 10, 25, 50]
806
[1, 5, 10, 25, 50]
807
[1, 5, 10, 25, 50]
808
[1, 5, 10, 25, 50]
809
[1, 5, 10, 25, 50]
810
[1, 5, 10, 25, 50]
811
[1, 5, 10, 25, 50]
812
[1, 5, 10, 25, 50]
813
[1, 5, 10, 25, 50]
814
[1, 5, 10, 25, 50]
815
[1, 5, 10, 25, 50]
816
[1, 5, 10, 25, 50]
817
[1, 5, 10, 25, 50]
818
[1, 5, 10, 25, 50]
819
[1, 5, 10, 25, 50]
820
[1, 5, 10, 25, 50]
821
[1, 5, 10, 25, 50]
822
[1, 5, 10, 25, 50]
823
[1, 5, 10, 25, 50]
824
[1, 5, 10, 25, 50]
825
[1, 5, 10, 25, 50]
826
[1, 5, 10, 25, 50]
827
[1, 5, 10, 25, 50]
828
[1, 5, 10, 25, 50]
829
[1, 5, 10, 25, 50]
830
[1, 5, 10, 25, 50]
831
[1, 5, 10, 25, 50]
832
[1, 5, 10, 25, 50]
833
[1, 5, 10, 25, 50]
834
[1, 5, 10, 25, 50]
835
[1, 5, 10, 25, 50]
836
[1, 5, 10, 25, 50]
837
[1, 5, 10, 25, 50]
838
[1, 5, 10, 25, 50]
839
[1, 5, 10, 25, 50]
840
[1, 5, 10, 25, 50]
841
[1, 5, 10, 25, 50]
842
[1, 5, 10, 25, 50]
843
[1, 5, 10, 25, 50]
844
[1, 5, 10, 25, 50]
845
[1, 5, 10, 25, 50]
846
[1, 5, 10, 25, 50]
847
[1, 5, 10, 25, 50]
848
[1, 5, 10, 25, 50]
849
[1, 5, 10, 25, 50]
850
[1, 5, 10, 25, 50]
851
[1, 5, 10, 25, 50]
852
[1, 5, 10, 25, 50]
853
[1, 5, 10, 25, 50]
854
[1, 5, 10, 25, 50]
855
[1, 5, 10, 25, 50]
856
[1, 5, 10, 25, 50]
857
[1, 5, 10, 25, 50]
858
[1, 5, 10, 25, 50]
859
[1, 5, 10, 25, 50]
860
[1, 5, 10, 25, 50]
861
[1, 5, 10, 25, 50]
862
[1, 5, 10, 25, 50]
863
[1, 5, 10, 25, 50]
864
[1, 5, 10, 25, 50]
865
[1, 5, 10, 25, 50]
866
[1, 5, 10, 25, 50]
867
[1, 5, 10, 25, 50]
868
[1, 5, 10, 25, 50]
869
[1, 5, 10, 25, 50]
870
[1, 5, 10, 25, 50]
871
[1, 5, 10, 25, 50]
872
[1, 5, 10, 25, 50]
873
[1, 5, 10, 25, 50]
874
[1, 5, 10, 25, 50]
875
[1, 5, 10, 25, 50]
876
[1, 5, 10, 25, 50]
877
[1, 5, 10, 25, 50]
878
[1, 5, 10, 25, 50]
879
[1, 5, 10, 25, 50]
880
[1, 5, 10, 25, 50]
881
[1, 5, 10, 25, 50]
882
[1, 5, 10, 25, 50]
883
[1, 5, 10, 25, 50]
884
[1, 5, 10, 25, 50]
885
[1, 5, 10, 25, 50]
886
[1, 5, 10, 25, 50]
887
[1, 5, 10, 25, 50]
888
[1, 5, 10, 25, 50]
889
[1, 5, 10, 25, 50]
890
[1, 5, 10, 25, 50]
891
[1, 5, 10, 25, 50]
892
[1, 5, 10, 25, 50]
893
[1, 5, 10, 25, 50]
894
[1, 5, 10, 25, 50]
895
[1, 5, 10, 25, 50]
896
[1, 5, 10, 25, 50]
897
[1, 5, 10, 25, 50]
898
[1, 5, 10, 25, 50]
899
[1, 5, 10, 25, 50]
900
[1, 5, 10, 25, 50]
901
[1, 5, 10, 25, 50]
902
[1, 5, 10, 25, 50]
903
[1, 5, 10, 25, 50]
904
[1, 5, 10, 25, 50]
905
[1, 5, 10, 25, 50]
906
[1, 5, 10, 25, 50]
907
[1, 5, 10, 25, 50]
908
[1, 5, 10, 25, 50]
909
[1, 5, 10, 25, 50]
910
[1, 5, 10, 25, 50]
911
[1, 5, 10, 25, 50]
912
[1, 5, 10, 25, 50]
913
[1, 5, 10, 25, 50]
914
[1, 5, 10, 25, 50]
915
[1, 5, 10, 25, 50]
916
[1, 5, 10, 25, 50]
917
[1, 5, 10, 25, 50]
918
[1, 5, 10, 25, 50]
919
[1, 5, 10, 25, 50]
920
[1, 5, 10, 25, 50]
921
[1, 5, 10, 25, 50]
922
[1, 5, 10, 25, 50]
923
[1, 5, 10, 25, 50]
924
[1, 5, 10, 25, 50]
925
[1, 5, 10, 25, 50]
926
[1, 5, 10, 25, 50]
927
[1, 5, 10, 25, 50]
928
[1, 5, 10, 25, 50]
929
[1, 5, 10, 25, 50]
930
[1, 5, 10, 25, 50]
931
[1, 5, 10, 25, 50]
932
[1, 5, 10, 25, 50]
933
[1, 5, 10, 25, 50]
934
[1, 5, 10, 25, 50]
935
[1, 5, 10, 25, 50]
936
[1, 5, 10, 25, 50]
937
[1, 5, 10, 25, 50]
938
[1, 5, 10, 25, 50]
939
[1, 5, 10, 25, 50]
940
[1, 5, 10, 25, 50]
941
[1, 5, 10, 25, 50]
942
[1, 5, 10, 25, 50]
943
[1, 5, 10, 25, 50]
944
[1, 5, 10, 25, 50]
945
[1, 5, 10, 25, 50]
946
[1, 5, 10, 25, 50]
947
[1, 5, 10, 25, 50]
948
[1, 5, 10, 25, 50]
949
[1, 5, 10, 25, 50]
950
[1, 5, 10, 25, 50]
951
[1, 5, 10, 25, 50]
952
[1, 5, 10, 25, 50]
953
[1, 5, 10, 25, 50]
954
[1, 5, 10, 25, 50]
955
[1, 5, 10, 25, 50]
956
[1, 5, 10, 25, 50]
957
[1, 5, 10, 25, 50]
958
[1, 5, 10, 25, 50]
959
[1, 5, 10, 25, 50]
960
[1, 5, 10, 25, 50]
961
[1, 5, 10, 25, 50]
962
[1, 5, 10, 25, 50]
963
[1, 5, 10, 25, 50]
964
[1, 5, 10, 25, 50]
965
[1, 5, 10, 25, 50]
966
[1, 5, 10, 25, 50]
967
[1, 5, 10, 25, 50]
968
[1, 5, 10, 25, 50]
969
[1, 5, 10, 25, 50]
970
[1, 5, 10, 25, 50]
971
[1, 5, 10, 25, 50]
972
[1, 5, 10, 25, 50]
973
[1, 5, 10, 25, 50]
974
[1, 5, 10, 25, 50]
975
[1, 5, 10, 25, 50]
976
[1, 5, 10, 25, 50]
977
[1, 5, 10, 25, 50]
978
[1, 5, 10, 25, 50]
979
[1, 5, 10, 25, 50]
980
[1, 5, 10, 25, 50]
981
[1, 5, 10, 25, 50]
982
[1, 5, 10, 25, 50]
983
[1, 5, 10, 25, 50]
984
[1, 5, 10, 25, 50]
985
[1, 5, 10, 25, 50]
986
[1, 5, 10, 25, 50]
987
[1, 5, 10, 25, 50]
988
[1, 5, 10, 25, 50]
989
[1, 5, 10, 25, 50]
990
[1, 5, 10, 25, 50]
991
[1, 5, 10, 25, 50]
992
[1, 5, 10, 25, 50]
993
[1, 5, 10, 25, 50]
994
[1, 5, 10, 25, 50]
995
[1, 5, 10, 25, 50]
996
[1, 5, 10, 25, 50]
997
[1, 5, 10, 25, 50]
998
[1, 5, 10, 25, 50]
999
[1, 5, 10, 25, 50]
1000
[1, 5, 10, 25, 50]
1001
[1, 5, 10, 25, 50]
1002
[1, 5, 10, 25, 50]
1003
[1, 5, 10, 25, 50]
1004
[1, 5, 10, 25, 50]
1005
[1, 5, 10, 25, 50]
1006
[1, 5, 10, 25, 50]
1007
[1, 5, 10, 25, 50]
1008
[1, 5, 10, 25, 50]
1009
[1, 5, 10, 25, 50]
1010
[1, 5, 10, 25, 50]
1011
[1, 5, 10, 25, 50]
1012
[1, 5, 10, 25, 50]
1013
[1, 5, 10, 25, 50]
1014
[1, 5, 10, 25, 50]
1015
[1, 5, 10, 25, 50]
1016
[1, 5, 10, 25, 50]
1017
[1, 5, 10, 25, 50]
1018
[1, 5, 10, 25, 50]
1019
[1, 5, 10, 25, 50]
1020
[1, 5, 10, 25, 50]
1021
[1, 5, 10, 25, 50]
1022
[1, 5, 10, 25, 50]
1023
[1, 5, 10, 25, 50]
1024
[1, 5, 10, 25, 50]
1025
[1, 5, 10, 25, 50]
1026
[1, 5, 10, 25, 50]
1027
[1, 5, 10, 25, 50]
1028
[1, 5, 10, 25, 50]
1029
[1, 5, 10, 25, 50]
1030
[1, 5, 10, 25, 50]
1031
[1, 5, 10, 25, 50]
1032
[1, 5, 10, 25, 50]
1033
[1, 5, 10, 25, 50]
1034
[1, 5, 10, 25, 50]
1035
[1, 5, 10, 25, 50]
1036
[1, 5, 10, 25, 50]
1037
[1, 5, 10, 25, 50]
1038
[1, 5, 10, 25, 50]
1039
[1, 5, 10, 25, 50]
1040
[1, 5, 10, 25, 50]
1041
[1, 5, 10, 25, 50]
1042
[1, 5, 10, 25, 50]
1043
[1, 5, 10, 25, 50]
1044
[1, 5, 10, 25, 50]
1045
[1, 5, 10, 25, 50]
1046
[1, 5, 10, 25, 50]
1047
[1, 5, 10, 25, 50]
1048
[1, 5, 10, 25, 50]
1049
[1, 5, 10, 25, 50]
1050
[1, 5, 10, 25, 50]
1051
[1, 5, 10, 25, 50]
1052
[1, 5, 10, 25, 50]
1053
[1, 5, 10, 25, 50]
1054
[1, 5, 10, 25, 50]
1055
[1, 5, 10, 25, 50]
1056
[1, 5, 10, 25, 50]
1057
[1, 5, 10, 25, 50]
1058
[1, 5, 10, 25, 50]
1059
[1, 5, 10, 25, 50]
1060
[1, 5, 10, 25, 50]
1061
[1, 5, 10, 25, 50]
1062
[1, 5, 10, 25, 50]
1063
[1, 5, 10, 25, 50]
1064
[1, 5, 10, 25, 50]
1065
[1, 5, 10, 25, 50]
1066
[1, 5, 10, 25, 50]
1067
[1, 5, 10, 25, 50]
1068
[1, 5, 10, 25, 50]
1069
[1, 5, 10, 25, 50]
1070
[1, 5, 10, 25, 50]
1071
[1, 5, 10, 25, 50]
1072
[1, 5, 10, 25, 50]
1073
[1, 5, 10, 25, 50]
1074
[1, 5, 10, 25, 50]
1075
[1, 5, 10, 25, 50]
1076
[1, 5, 10, 25, 50]
1077
[1, 5, 10, 25, 50]
1078
[1, 5, 10, 25, 50]
1079
[1, 5, 10, 25, 50]
1080
[1, 5, 10, 25, 50]
1081
[1, 5, 10, 25, 50]
1082
[1, 5, 10, 25, 50]
1083
[1, 5, 10, 25, 50]
1084
[1, 5, 10, 25, 50]
1085
[1, 5, 10, 25, 50]
1086
[1, 5, 10, 25, 50]
1087
[1, 5, 10, 25, 50]
1088
[1, 5, 10, 25, 50]
1089
[1, 5, 10, 25, 50]
1090
[1, 5, 10, 25, 50]
1091
[1, 5, 10, 25, 50]
1092
[1, 5, 10, 25, 50]
1093
[1, 5, 10, 25, 50]
1094
[1, 5, 10, 25, 50]
1095
[1, 5, 10, 25, 50]
1096
[1, 5, 10, 25, 50]
1097
[1, 5, 10, 25, 50]
1098
[1, 5, 10, 25, 50]
1099
[1, 5, 10, 25, 50]
1100
[1, 5, 10, 25, 50]
1101
[1, 5, 10, 25, 50]
1102
[1, 5, 10, 25, 50]
1103
[1, 5, 10, 25, 50]
1104
[1, 5, 10, 25, 50]
1105
[1, 5, 10, 25, 50]
1106
[1, 5, 10, 25, 50]
1107
[1, 5, 10, 25, 50]
1108
[1, 5, 10, 25, 50]
1109
[1, 5, 10, 25, 50]
1110
[1, 5, 10, 25, 50]
1111
[1, 5, 10, 25, 50]
1112
[1, 5, 10, 25, 50]
1113
[1, 5, 10, 25, 50]
1114
[1, 5, 10, 25, 50]
1115
[1, 5, 10, 25, 50]
1116
[1, 5, 10, 25, 50]
1117
[1, 5, 10, 25, 50]
1118
[1, 5, 10, 25, 50]
1119
[1, 5, 10, 25, 50]
1120
[1, 5, 10, 25, 50]
1121
[1, 5, 10, 25, 50]
1122
[1, 5, 10, 25, 50]
1123
[1, 5, 10, 25, 50]
1124
[1, 5, 10, 25, 50]
1125
[1, 5, 10, 25, 50]
1126
[1, 5, 10, 25, 50]
1127
[1, 5, 10, 25, 50]
1128
[1, 5, 10, 25, 50]
1129
[1, 5, 10, 25, 50]
1130
[1, 5, 10, 25, 50]
1131
[1, 5, 10, 25, 50]
1132
[1, 5, 10, 25, 50]
1133
[1, 5, 10, 25, 50]
1134
[1, 5, 10, 25, 50]
1135
[1, 5, 10, 25, 50]
1136
[1, 5, 10, 25, 50]
1137
[1, 5, 10, 25, 50]
1138
[1, 5, 10, 25, 50]
1139
[1, 5, 10, 25, 50]
1140
[1, 5, 10, 25, 50]
1141
[1, 5, 10, 25, 50]
1142
[1, 5, 10, 25, 50]
1143
[1, 5, 10, 25, 50]
1144
[1, 5, 10, 25, 50]
1145
[1, 5, 10, 25, 50]
1146
[1, 5, 10, 25, 50]
1147
[1, 5, 10, 25, 50]
1148
[1, 5, 10, 25, 50]
1149
[1, 5, 10, 25, 50]
1150
[1, 5, 10, 25, 50]
1151
[1, 5, 10, 25, 50]
1152
[1, 5, 10, 25, 50]
1153
[1, 5, 10, 25, 50]
1154
[1, 5, 10, 25, 50]
1155
[1, 5, 10, 25, 50]
1156
[1, 5, 10, 25, 50]
1157
[1, 5, 10, 25, 50]
1158
[1, 5, 10, 25, 50]
1159
[1, 5, 10, 25, 50]
1160
[1, 5, 10, 25, 50]
1161
[1, 5, 10, 25, 50]
1162
[1, 5, 10, 25, 50]
1163
[1, 5, 10, 25, 50]
1164
[1, 5, 10, 25, 50]
1165
[1, 5, 10, 25, 50]
1166
[1, 5, 10, 25, 50]
1167
[1, 5, 10, 25, 50]
1168
[1, 5, 10, 25, 50]
1169
[1, 5, 10, 25, 50]
1170
[1, 5, 10, 25, 50]
1171
[1, 5, 10, 25, 50]
1172
[1, 5, 10, 25, 50]
1173
[1, 5, 10, 25, 50]
1174
[1, 5, 10, 25, 50]
1175
[1, 5, 10, 25, 50]
1176
[1, 5, 10, 25, 50]
1177
[1, 5, 10, 25, 50]
1178
[1, 5, 10, 25, 50]
1179
[1, 5, 10, 25, 50]
1180
[1, 5, 10, 25, 50]
1181
[1, 5, 10, 25, 50]
1182
[1, 5, 10, 25, 50]
1183
[1, 5, 10, 25, 50]
1184
[1, 5, 10, 25, 50]
1185
[1, 5, 10, 25, 50]
1186
[1, 5, 10, 25, 50]
1187
[1, 5, 10, 25, 50]
1188
[1, 5, 10, 25, 50]
1189
[1, 5, 10, 25, 50]
1190
[1, 5, 10, 25, 50]
1191
[1, 5, 10, 25, 50]
1192
[1, 5, 10, 25, 50]
1193
[1, 5, 10, 25, 50]
1194
[1, 5, 10, 25, 50]
1195
[1, 5, 10, 25, 50]
1196
[1, 5, 10, 25, 50]
1197
[1, 5, 10, 25, 50]
1198
[1, 5, 10, 25, 50]
1199
[1, 5, 10, 25, 50]
1200
[1, 5, 10, 25, 50]
1201
[1, 5, 10, 25, 50]
1202
[1, 5, 10, 25, 50]
1203
[1, 5, 10, 25, 50]
1204
[1, 5, 10, 25, 50]
1205
[1, 5, 10, 25, 50]
1206
[1, 5, 10, 25, 50]
1207
[1, 5, 10, 25, 50]
1208
[1, 5, 10, 25, 50]
1209
[1, 5, 10, 25, 50]
1210
[1, 5, 10, 25, 50]
1211
[1, 5, 10, 25, 50]
1212
[1, 5, 10, 25, 50]
1213
[1, 5, 10, 25, 50]
1214
[1, 5, 10, 25, 50]
1215
[1, 5, 10, 25, 50]
1216
[1, 5, 10, 25, 50]
1217
[1, 5, 10, 25, 50]
1218
[1, 5, 10, 25, 50]
1219
[1, 5, 10, 25, 50]
1220
[1, 5, 10, 25, 50]
1221
[1, 5, 10, 25, 50]
1222
[1, 5, 10, 25, 50]
1223
[1, 5, 10, 25, 50]
1224
[1, 5, 10, 25, 50]
1225
[1, 5, 10, 25, 50]
1226
[1, 5, 10, 25, 50]
1227
[1, 5, 10, 25, 50]
1228
[1, 5, 10, 25, 50]
1229
[1, 5, 10, 25, 50]
1230
[1, 5, 10, 25, 50]
1231
[1, 5, 10, 25, 50]
1232
[1, 5, 10, 25, 50]
1233
[1, 5, 10, 25, 50]
1234
[1, 5, 10, 25, 50]
1235
[1, 5, 10, 25, 50]
1236
[1, 5, 10, 25, 50]
1237
[1, 5, 10, 25, 50]
1238
[1, 5, 10, 25, 50]
1239
[1, 5, 10, 25, 50]
1240
[1, 5, 10, 25, 50]
1241
[1, 5, 10, 25, 50]
1242
[1, 5, 10, 25, 50]
1243
[1, 5, 10, 25, 50]
1244
[1, 5, 10, 25, 50]
1245
[1, 5, 10, 25, 50]
1246
[1, 5, 10, 25, 50]
1247
[1, 5, 10, 25, 50]
1248
[1, 5, 10, 25, 50]
1249
[1, 5, 10, 25, 50]
1250
[1, 5, 10, 25, 50]
1251
[1, 5, 10, 25, 50]
1252
[1, 5, 10, 25, 50]
1253
[1, 5, 10, 25, 50]
1254
[1, 5, 10, 25, 50]
1255
[1, 5, 10, 25, 50]
1256
[1, 5, 10, 25, 50]
1257
[1, 5, 10, 25, 50]
1258
[1, 5, 10, 25, 50]
1259
[1, 5, 10, 25, 50]
1260
[1, 5, 10, 25, 50]
1261
[1, 5, 10, 25, 50]
1262
[1, 5, 10, 25, 50]
1263
[1, 5, 10, 25, 50]
1264
[1, 5, 10, 25, 50]
1265
[1, 5, 10, 25, 50]
1266
[1, 5, 10, 25, 50]
1267
[1, 5, 10, 25, 50]
1268
[1, 5, 10, 25, 50]
1269
[1, 5, 10, 25, 50]
1270
[1, 5, 10, 25, 50]
1271
[1, 5, 10, 25, 50]
1272
[1, 5, 10, 25, 50]
1273
[1, 5, 10, 25, 50]
1274
[1, 5, 10, 25, 50]
1275
[1, 5, 10, 25, 50]
1276
[1, 5, 10, 25, 50]
1277
[1, 5, 10, 25, 50]
1278
[1, 5, 10, 25, 50]
1279
[1, 5, 10, 25, 50]
1280
[1, 5, 10, 25, 50]
1281
[1, 5, 10, 25, 50]
1282
[1, 5, 10, 25, 50]
1283
[1, 5, 10, 25, 50]
1284
[1, 5, 10, 25, 50]
1285
[1, 5, 10, 25, 50]
1286
[1, 5, 10, 25, 50]
1287
[1, 5, 10, 25, 50]
1288
[1, 5, 10, 25, 50]
1289
[1, 5, 10, 25, 50]
1290
[1, 5, 10, 25, 50]
1291
[1, 5, 10, 25, 50]
1292
[1, 5, 10, 25, 50]
1293
[1, 5, 10, 25, 50]
1294
[1, 5, 10, 25, 50]
1295
[1, 5, 10, 25, 50]
1296
[1, 5, 10, 25, 50]
1297
[1, 5, 10, 25, 50]
1298
[1, 5, 10, 25, 50]
1299
[1, 5, 10, 25, 50]
1300
[1, 5, 10, 25, 50]
1301
[1, 5, 10, 25, 50]
1302
[1, 5, 10, 25, 50]
1303
[1, 5, 10, 25, 50]
1304
[1, 5, 10, 25, 50]
1305
[1, 5, 10, 25, 50]
1306
[1, 5, 10, 25, 50]
1307
[1, 5, 10, 25, 50]
1308
[1, 5, 10, 25, 50]
1309
[1, 5, 10, 25, 50]
1310
[1, 5, 10, 25, 50]
1311
[1, 5, 10, 25, 50]
1312
[1, 5, 10, 25, 50]
1313
[1, 5, 10, 25, 50]
1314
[1, 5, 10, 25, 50]
1315
[1, 5, 10, 25, 50]
1316
[1, 5, 10, 25, 50]
1317
[1, 5, 10, 25, 50]
1318
[1, 5, 10, 25, 50]
1319
[1, 5, 10, 25, 50]
1320
[1, 5, 10, 25, 50]
1321
[1, 5, 10, 25, 50]
1322
[1, 5, 10, 25, 50]
1323
[1, 5, 10, 25, 50]
1324
[1, 5, 10, 25, 50]
1325
[1, 5, 10, 25, 50]
1326
[1, 5, 10, 25, 50]
1327
[1, 5, 10, 25, 50]
1328
[1, 5, 10, 25, 50]
1329
[1, 5, 10, 25, 50]
1330
[1, 5, 10, 25, 50]
1331
[1, 5, 10, 25, 50]
1332
[1, 5, 10, 25, 50]
1333
[1, 5, 10, 25, 50]
1334
[1, 5, 10, 25, 50]
1335
[1, 5, 10, 25, 50]
1336
[1, 5, 10, 25, 50]
1337
[1, 5, 10, 25, 50]
1338
[1, 5, 10, 25, 50]
1339
[1, 5, 10, 25, 50]
1340
[1, 5, 10, 25, 50]
1341
[1, 5, 10, 25, 50]
1342
[1, 5, 10, 25, 50]
1343
[1, 5, 10, 25, 50]
1344
[1, 5, 10, 25, 50]
1345
[1, 5, 10, 25, 50]
1346
[1, 5, 10, 25, 50]
1347
[1, 5, 10, 25, 50]
1348
[1, 5, 10, 25, 50]
1349
[1, 5, 10, 25, 50]
1350
[1, 5, 10, 25, 50]
1351
[1, 5, 10, 25, 50]
1352
[1, 5, 10, 25, 50]
1353
[1, 5, 10, 25, 50]
1354
[1, 5, 10, 25, 50]
1355
[1, 5, 10, 25, 50]
1356
[1, 5, 10, 25, 50]
1357
[1, 5, 10, 25, 50]
1358
[1, 5, 10, 25, 50]
1359
[1, 5, 10, 25, 50]
1360
[1, 5, 10, 25, 50]
1361
[1, 5, 10, 25, 50]
1362
[1, 5, 10, 25, 50]
1363
[1, 5, 10, 25, 50]
1364
[1, 5, 10, 25, 50]
1365
[1, 5, 10, 25, 50]
1366
[1, 5, 10, 25, 50]
1367
[1, 5, 10, 25, 50]
1368
[1, 5, 10, 25, 50]
1369
[1, 5, 10, 25, 50]
1370
[1, 5, 10, 25, 50]
1371
[1, 5, 10, 25, 50]
1372
[1, 5, 10, 25, 50]
1373
[1, 5, 10, 25, 50]
1374
[1, 5, 10, 25, 50]
1375
[1, 5, 10, 25, 50]
1376
[1, 5, 10, 25, 50]
1377
[1, 5, 10, 25, 50]
1378
[1, 5, 10, 25, 50]
1379
[1, 5, 10, 25, 50]
1380
[1, 5, 10, 25, 50]
1381
[1, 5, 10, 25, 50]
1382
[1, 5, 10, 25, 50]
1383
[1, 5, 10, 25, 50]
1384
[1, 5, 10, 25, 50]
1385
[1, 5, 10, 25, 50]
1386
[1, 5, 10, 25, 50]
1387
[1, 5, 10, 25, 50]
1388
[1, 5, 10, 25, 50]
1389
[1, 5, 10, 25, 50]
1390
[1, 5, 10, 25, 50]
1391
[1, 5, 10, 25, 50]
1392
[1, 5, 10, 25, 50]
1393
[1, 5, 10, 25, 50]
1394
[1, 5, 10, 25, 50]
1395
[1, 5, 10, 25, 50]
1396
[1, 5, 10, 25, 50]
1397
[1, 5, 10, 25, 50]
1398
[1, 5, 10, 25, 50]
1399
[1, 5, 10, 25, 50]
1400
[1, 5, 10, 25, 50]
1401
[1, 5, 10, 25, 50]
1402
[1, 5, 10, 25, 50]
1403
[1, 5, 10, 25, 50]
1404
[1, 5, 10, 25, 50]
1405
[1, 5, 10, 25, 50]
1406
[1, 5, 10, 25, 50]
1407
[1, 5, 10, 25, 50]
1408
[1, 5, 10, 25, 50]
1409
[1, 5, 10, 25, 50]
1410
[1, 5, 10, 25, 50]
1411
[1, 5, 10, 25, 50]
1412
[1, 5, 10, 25, 50]
1413
[1, 5, 10, 25, 50]
1414
[1, 5, 10, 25, 50]
1415
[1, 5, 10, 25, 50]
1416
[1, 5, 10, 25, 50]
1417
[1, 5, 10, 25, 50]
1418
[1, 5, 10, 25, 50]
1419
[1, 5, 10, 25, 50]
1420
[1, 5, 10, 25, 50]
1421
[1, 5, 10, 25, 50]
1422
[1, 5, 10, 25, 50]
1423
[1, 5, 10, 25, 50]
1424
[1, 5, 10, 25, 50]
1425
[1, 5, 10, 25, 50]
1426
[1, 5, 10, 25, 50]
1427
[1, 5, 10, 25, 50]
1428
[1, 5, 10, 25, 50]
1429
[1, 5, 10, 25, 50]
1430
[1, 5, 10, 25, 50]
1431
[1, 5, 10, 25, 50]
1432
[1, 5, 10, 25, 50]
1433
[1, 5, 10, 25, 50]
1434
[1, 5, 10, 25, 50]
1435
[1, 5, 10, 25, 50]
1436
[1, 5, 10, 25, 50]
1437
[1, 5, 10, 25, 50]
1438
[1, 5, 10, 25, 50]
1439
[1, 5, 10, 25, 50]
1440
[1, 5, 10, 25, 50]
1441
[1, 5, 10, 25, 50]
1442
[1, 5, 10, 25, 50]
1443
[1, 5, 10, 25, 50]
1444
[1, 5, 10, 25, 50]
1445
[1, 5, 10, 25, 50]
1446
[1, 5, 10, 25, 50]
1447
[1, 5, 10, 25, 50]
1448
[1, 5, 10, 25, 50]
1449
[1, 5, 10, 25, 50]
1450
[1, 5, 10, 25, 50]
1451
[1, 5, 10, 25, 50]
1452
[1, 5, 10, 25, 50]
1453
[1, 5, 10, 25, 50]
1454
[1, 5, 10, 25, 50]
1455
[1, 5, 10, 25, 50]
1456
[1, 5, 10, 25, 50]
1457
[1, 5, 10, 25, 50]
1458
[1, 5, 10, 25, 50]
1459
[1, 5, 10, 25, 50]
1460
[1, 5, 10, 25, 50]
1461
[1, 5, 10, 25, 50]
1462
[1, 5, 10, 25, 50]
1463
[1, 5, 10, 25, 50]
1464
[1, 5, 10, 25, 50]
1465
[1, 5, 10, 25, 50]
1466
[1, 5, 10, 25, 50]
1467
[1, 5, 10, 25, 50]
1468
[1, 5, 10, 25, 50]
1469
[1, 5, 10, 25, 50]
1470
[1, 5, 10, 25, 50]
1471
[1, 5, 10, 25, 50]
1472
[1, 5, 10, 25, 50]
1473
[1, 5, 10, 25, 50]
1474
[1, 5, 10, 25, 50]
1475
[1, 5, 10, 25, 50]
1476
[1, 5, 10, 25, 50]
1477
[1, 5, 10, 25, 50]
1478
[1, 5, 10, 25, 50]
1479
[1, 5, 10, 25, 50]
1480
[1, 5, 10, 25, 50]
1481
[1, 5, 10, 25, 50]
1482
[1, 5, 10, 25, 50]
1483
[1, 5, 10, 25, 50]
1484
[1, 5, 10, 25, 50]
1485
[1, 5, 10, 25, 50]
1486
[1, 5, 10, 25, 50]
1487
[1, 5, 10, 25, 50]
1488
[1, 5, 10, 25, 50]
1489
[1, 5, 10, 25, 50]
1490
[1, 5, 10, 25, 50]
1491
[1, 5, 10, 25, 50]
1492
[1, 5, 10, 25, 50]
1493
[1, 5, 10, 25, 50]
1494
[1, 5, 10, 25, 50]
1495
[1, 5, 10, 25, 50]
1496
[1, 5, 10, 25, 50]
1497
[1, 5, 10, 25, 50]
1498
[1, 5, 10, 25, 50]
1499
[1, 5, 10, 25, 50]
1500
[1, 5, 10, 25, 50]
1501
[1, 5, 10, 25, 50]
1502
[1, 5, 10, 25, 50]
1503
[1, 5, 10, 25, 50]
1504
[1, 5, 10, 25, 50]
1505
[1, 5, 10, 25, 50]
1506
[1, 5, 10, 25, 50]
1507
[1, 5, 10, 25, 50]
1508
[1, 5, 10, 25, 50]
1509
[1, 5, 10, 25, 50]
1510
[1, 5, 10, 25, 50]
1511
[1, 5, 10, 25, 50]
1512
[1, 5, 10, 25, 50]
1513
[1, 5, 10, 25, 50]
1514
[1, 5, 10, 25, 50]
1515
[1, 5, 10, 25, 50]
1516
[1, 5, 10, 25, 50]
1517
[1, 5, 10, 25, 50]
1518
[1, 5, 10, 25, 50]
1519
[1, 5, 10, 25, 50]
1520
[1, 5, 10, 25, 50]
1521
[1, 5, 10, 25, 50]
1522
[1, 5, 10, 25, 50]
1523
[1, 5, 10, 25, 50]
1524
[1, 5, 10, 25, 50]
1525
[1, 5, 10, 25, 50]
1526
[1, 5, 10, 25, 50]
1527
[1, 5, 10, 25, 50]
1528
[1, 5, 10, 25, 50]
1529
[1, 5, 10, 25, 50]
1530
[1, 5, 10, 25, 50]
1531
[1, 5, 10, 25, 50]
1532
[1, 5, 10, 25, 50]
1533
[1, 5, 10, 25, 50]
1534
[1, 5, 10, 25, 50]
1535
[1, 5, 10, 25, 50]
1536
[1, 5, 10, 25, 50]
1537
[1, 5, 10, 25, 50]
1538
[1, 5, 10, 25, 50]
1539
[1, 5, 10, 25, 50]
1540
[1, 5, 10, 25, 50]
1541
[1, 5, 10, 25, 50]
1542
[1, 5, 10, 25, 50]
1543
[1, 5, 10, 25, 50]
1544
[1, 5, 10, 25, 50]
1545
[1, 5, 10, 25, 50]
1546
[1, 5, 10, 25, 50]
1547
[1, 5, 10, 25, 50]
1548
[1, 5, 10, 25, 50]
1549
[1, 5, 10, 25, 50]
1550
[1, 5, 10, 25, 50]
1551
[1, 5, 10, 25, 50]
1552
[1, 5, 10, 25, 50]
1553
[1, 5, 10, 25, 50]
1554
[1, 5, 10, 25, 50]
1555
[1, 5, 10, 25, 50]
1556
[1, 5, 10, 25, 50]
1557
[1, 5, 10, 25, 50]
1558
[1, 5, 10, 25, 50]
1559
[1, 5, 10, 25, 50]
1560
[1, 5, 10, 25, 50]
1561
[1, 5, 10, 25, 50]
1562
[1, 5, 10, 25, 50]
1563
[1, 5, 10, 25, 50]
1564
[1, 5, 10, 25, 50]
1565
[1, 5, 10, 25, 50]
1566
[1, 5, 10, 25, 50]
1567
[1, 5, 10, 25, 50]
1568
[1, 5, 10, 25, 50]
1569
[1, 5, 10, 25, 50]
1570
[1, 5, 10, 25, 50]
1571
[1, 5, 10, 25, 50]
1572
[1, 5, 10, 25, 50]
1573
[1, 5, 10, 25, 50]
1574
[1, 5, 10, 25, 50]
1575
[1, 5, 10, 25, 50]
1576
[1, 5, 10, 25, 50]
1577
[1, 5, 10, 25, 50]
1578
[1, 5, 10, 25, 50]
1579
[1, 5, 10, 25, 50]
1580
[1, 5, 10, 25, 50]
1581
[1, 5, 10, 25, 50]
1582
[1, 5, 10, 25, 50]
1583
[1, 5, 10, 25, 50]
1584
[1, 5, 10, 25, 50]
1585
[1, 5, 10, 25, 50]
1586
[1, 5, 10, 25, 50]
1587
[1, 5, 10, 25, 50]
1588
[1, 5, 10, 25, 50]
1589
[1, 5, 10, 25, 50]
1590
[1, 5, 10, 25, 50]
1591
[1, 5, 10, 25, 50]
1592
[1, 5, 10, 25, 50]
1593
[1, 5, 10, 25, 50]
1594
[1, 5, 10, 25, 50]
1595
[1, 5, 10, 25, 50]
1596
[1, 5, 10, 25, 50]
1597
[1, 5, 10, 25, 50]
1598
[1, 5, 10, 25, 50]
1599
[1, 5, 10, 25, 50]
1600
[1, 5, 10, 25, 50]
1601
[1, 5, 10, 25, 50]
1602
[1, 5, 10, 25, 50]
1603
[1, 5, 10, 25, 50]
1604
[1, 5, 10, 25, 50]
1605
[1, 5, 10, 25, 50]
1606
[1, 5, 10, 25, 50]
1607
[1, 5, 10, 25, 50]
1608
[1, 5, 10, 25, 50]
1609
[1, 5, 10, 25, 50]
1610
[1, 5, 10, 25, 50]
1611
[1, 5, 10, 25, 50]
1612
[1, 5, 10, 25, 50]
1613
[1, 5, 10, 25, 50]
1614
[1, 5, 10, 25, 50]
1615
[1, 5, 10, 25, 50]
1616
[1, 5, 10, 25, 50]
1617
[1, 5, 10, 25, 50]
1618
[1, 5, 10, 25, 50]
1619
[1, 5, 10, 25, 50]
1620
[1, 5, 10, 25, 50]
1621
[1, 5, 10, 25, 50]
1622
[1, 5, 10, 25, 50]
1623
[1, 5, 10, 25, 50]
1624
[1, 5, 10, 25, 50]
1625
[1, 5, 10, 25, 50]
1626
[1, 5, 10, 25, 50]
1627
[1, 5, 10, 25, 50]
1628
[1, 5, 10, 25, 50]
1629
[1, 5, 10, 25, 50]
1630
[1, 5, 10, 25, 50]
1631
[1, 5, 10, 25, 50]
1632
[1, 5, 10, 25, 50]
1633
[1, 5, 10, 25, 50]
1634
[1, 5, 10, 25, 50]
1635
[1, 5, 10, 25, 50]
1636
[1, 5, 10, 25, 50]
1637
[1, 5, 10, 25, 50]
1638
[1, 5, 10, 25, 50]
1639
[1, 5, 10, 25, 50]
1640
[1, 5, 10, 25, 50]
1641
[1, 5, 10, 25, 50]
1642
[1, 5, 10, 25, 50]
1643
[1, 5, 10, 25, 50]
1644
[1, 5, 10, 25, 50]
1645
[1, 5, 10, 25, 50]
1646
[1, 5, 10, 25, 50]
1647
[1, 5, 10, 25, 50]
1648
[1, 5, 10, 25, 50]
1649
[1, 5, 10, 25, 50]
1650
[1, 5, 10, 25, 50]
1651
[1, 5, 10, 25, 50]
1652
[1, 5, 10, 25, 50]
1653
[1, 5, 10, 25, 50]
1654
[1, 5, 10, 25, 50]
1655
[1, 5, 10, 25, 50]
1656
[1, 5, 10, 25, 50]
1657
[1, 5, 10, 25, 50]
1658
[1, 5, 10, 25, 50]
1659
[1, 5, 10, 25, 50]
1660
[1, 5, 10, 25, 50]
1661
[1, 5, 10, 25, 50]
1662
[1, 5, 10, 25, 50]
1663
[1, 5, 10, 25, 50]
1664
[1, 5, 10, 25, 50]
1665
[1, 5, 10, 25, 50]
1666
[1, 5, 10, 25, 50]
1667
[1, 5, 10, 25, 50]
1668
[1, 5, 10, 25, 50]
1669
[1, 5, 10, 25, 50]
1670
[1, 5, 10, 25, 50]
1671
[1, 5, 10, 25, 50]
1672
[1, 5, 10, 25, 50]
1673
[1, 5, 10, 25, 50]
1674
[1, 5, 10, 25, 50]
1675
[1, 5, 10, 25, 50]
1676
[1, 5, 10, 25, 50]
1677
[1, 5, 10, 25, 50]
1678
[1, 5, 10, 25, 50]
1679
[1, 5, 10, 25, 50]
1680
[1, 5, 10, 25, 50]
1681
[1, 5, 10, 25, 50]
1682
[1, 5, 10, 25, 50]
1683
[1, 5, 10, 25, 50]
1684
[1, 5, 10, 25, 50]
1685
[1, 5, 10, 25, 50]
1686
[1, 5, 10, 25, 50]
1687
[1, 5, 10, 25, 50]
1688
[1, 5, 10, 25, 50]
1689
[1, 5, 10, 25, 50]
1690
[1, 5, 10, 25, 50]
1691
[1, 5, 10, 25, 50]
1692
[1, 5, 10, 25, 50]
1693
[1, 5, 10, 25, 50]
1694
[1, 5, 10, 25, 50]
1695
[1, 5, 10, 25, 50]
1696
[1, 5, 10, 25, 50]
1697
[1, 5, 10, 25, 50]
1698
[1, 5, 10, 25, 50]
1699
[1, 5, 10, 25, 50]
1700
[1, 5, 10, 25, 50]
1701
[1, 5, 10, 25, 50]
1702
[1, 5, 10, 25, 50]
1703
[1, 5, 10, 25, 50]
1704
[1, 5, 10, 25, 50]
1705
[1, 5, 10, 25, 50]
1706
[1, 5, 10, 25, 50]
1707
[1, 5, 10, 25, 50]
1708
[1, 5, 10, 25, 50]
1709
[1, 5, 10, 25, 50]
1710
[1, 5, 10, 25, 50]
1711
[1, 5, 10, 25, 50]
1712
[1, 5, 10, 25, 50]
1713
[1, 5, 10, 25, 50]
1714
[1, 5, 10, 25, 50]
1715
[1, 5, 10, 25, 50]
1716
[1, 5, 10, 25, 50]
1717
[1, 5, 10, 25, 50]
1718
[1, 5, 10, 25, 50]
1719
[1, 5, 10, 25, 50]
1720
[1, 5, 10, 25, 50]
1721
[1, 5, 10, 25, 50]
1722
[1, 5, 10, 25, 50]
1723
[1, 5, 10, 25, 50]
1724
[1, 5, 10, 25, 50]
1725
[1, 5, 10, 25, 50]
1726
[1, 5, 10, 25, 50]
1727
[1, 5, 10, 25, 50]
1728
[1, 5, 10, 25, 50]
1729
[1, 5, 10, 25, 50]
1730
[1, 5, 10, 25, 50]
1731
[1, 5, 10, 25, 50]
1732
[1, 5, 10, 25, 50]
1733
[1, 5, 10, 25, 50]
1734
[1, 5, 10, 25, 50]
1735
[1, 5, 10, 25, 50]
1736
[1, 5, 10, 25, 50]
1737
[1, 5, 10, 25, 50]
1738
[1, 5, 10, 25, 50]
1739
[1, 5, 10, 25, 50]
1740
[1, 5, 10, 25, 50]
1741
[1, 5, 10, 25, 50]
1742
[1, 5, 10, 25, 50]
1743
[1, 5, 10, 25, 50]
1744
[1, 5, 10, 25, 50]
1745
[1, 5, 10, 25, 50]
1746
[1, 5, 10, 25, 50]
1747
[1, 5, 10, 25, 50]
1748
[1, 5, 10, 25, 50]
1749
[1, 5, 10, 25, 50]
1750
[1, 5, 10, 25, 50]
1751
[1, 5, 10, 25, 50]
1752
[1, 5, 10, 25, 50]
1753
[1, 5, 10, 25, 50]
1754
[1, 5, 10, 25, 50]
1755
[1, 5, 10, 25, 50]
1756
[1, 5, 10, 25, 50]
1757
[1, 5, 10, 25, 50]
1758
[1, 5, 10, 25, 50]
1759
[1, 5, 10, 25, 50]
1760
[1, 5, 10, 25, 50]
1761
[1, 5, 10, 25, 50]
1762
[1, 5, 10, 25, 50]
1763
[1, 5, 10, 25, 50]
1764
[1, 5, 10, 25, 50]
1765
[1, 5, 10, 25, 50]
1766
[1, 5, 10, 25, 50]
1767
[1, 5, 10, 25, 50]
1768
[1, 5, 10, 25, 50]
1769
[1, 5, 10, 25, 50]
1770
[1, 5, 10, 25, 50]
1771
[1, 5, 10, 25, 50]
1772
[1, 5, 10, 25, 50]
1773
[1, 5, 10, 25, 50]
1774
[1, 5, 10, 25, 50]
1775
[1, 5, 10, 25, 50]
1776
[1, 5, 10, 25, 50]
1777
[1, 5, 10, 25, 50]
1778
[1, 5, 10, 25, 50]
1779
[1, 5, 10, 25, 50]
1780
[1, 5, 10, 25, 50]
1781
[1, 5, 10, 25, 50]
1782
[1, 5, 10, 25, 50]
1783
[1, 5, 10, 25, 50]
1784
[1, 5, 10, 25, 50]
1785
[1, 5, 10, 25, 50]
1786
[1, 5, 10, 25, 50]
1787
[1, 5, 10, 25, 50]
1788
[1, 5, 10, 25, 50]
1789
[1, 5, 10, 25, 50]
1790
[1, 5, 10, 25, 50]
1791
[1, 5, 10, 25, 50]
1792
[1, 5, 10, 25, 50]
1793
[1, 5, 10, 25, 50]
1794
[1, 5, 10, 25, 50]
1795
[1, 5, 10, 25, 50]
1796
[1, 5, 10, 25, 50]
1797
[1, 5, 10, 25, 50]
1798
[1, 5, 10, 25, 50]
1799
[1, 5, 10, 25, 50]
1800
[1, 5, 10, 25, 50]
1801
[1, 5, 10, 25, 50]
1802
[1, 5, 10, 25, 50]
1803
[1, 5, 10, 25, 50]
1804
[1, 5, 10, 25, 50]
1805
[1, 5, 10, 25, 50]
1806
[1, 5, 10, 25, 50]
1807
[1, 5, 10, 25, 50]
1808
[1, 5, 10, 25, 50]
1809
[1, 5, 10, 25, 50]
1810
[1, 5, 10, 25, 50]
1811
[1, 5, 10, 25, 50]
1812
[1, 5, 10, 25, 50]
1813
[1, 5, 10, 25, 50]
1814
[1, 5, 10, 25, 50]
1815
[1, 5, 10, 25, 50]
1816
[1, 5, 10, 25, 50]
1817
[1, 5, 10, 25, 50]
1818
[1, 5, 10, 25, 50]
1819
[1, 5, 10, 25, 50]
1820
[1, 5, 10, 25, 50]
1821
[1, 5, 10, 25, 50]
1822
[1, 5, 10, 25, 50]
1823
[1, 5, 10, 25, 50]
1824
[1, 5, 10, 25, 50]
1825
[1, 5, 10, 25, 50]
1826
[1, 5, 10, 25, 50]
1827
[1, 5, 10, 25, 50]
1828
[1, 5, 10, 25, 50]
1829
[1, 5, 10, 25, 50]
1830
[1, 5, 10, 25, 50]
1831
[1, 5, 10, 25, 50]
1832
[1, 5, 10, 25, 50]
1833
[1, 5, 10, 25, 50]
1834
[1, 5, 10, 25, 50]
1835
[1, 5, 10, 25, 50]
1836
[1, 5, 10, 25, 50]
1837
[1, 5, 10, 25, 50]
1838
[1, 5, 10, 25, 50]
1839
[1, 5, 10, 25, 50]
1840
[1, 5, 10, 25, 50]
1841
[1, 5, 10, 25, 50]
1842
[1, 5, 10, 25, 50]
1843
[1, 5, 10, 25, 50]
1844
[1, 5, 10, 25, 50]
1845
[1, 5, 10, 25, 50]
1846
[1, 5, 10, 25, 50]
1847
[1, 5, 10, 25, 50]
1848
[1, 5, 10, 25, 50]
1849
[1, 5, 10, 25, 50]
1850
[1, 5, 10, 25, 50]
1851
[1, 5, 10, 25, 50]
1852
[1, 5, 10, 25, 50]
1853
[1, 5, 10, 25, 50]
1854
[1, 5, 10, 25, 50]
1855
[1, 5, 10, 25, 50]
1856
[1, 5, 10, 25, 50]
1857
[1, 5, 10, 25, 50]
1858
[1, 5, 10, 25, 50]
1859
[1, 5, 10, 25, 50]
1860
[1, 5, 10, 25, 50]
1861
[1, 5, 10, 25, 50]
1862
[1, 5, 10, 25, 50]
1863
[1, 5, 10, 25, 50]
1864
[1, 5, 10, 25, 50]
1865
[1, 5, 10, 25, 50]
1866
[1, 5, 10, 25, 50]
1867
[1, 5, 10, 25, 50]
1868
[1, 5, 10, 25, 50]
1869
[1, 5, 10, 25, 50]
1870
[1, 5, 10, 25, 50]
1871
[1, 5, 10, 25, 50]
1872
[1, 5, 10, 25, 50]
1873
[1, 5, 10, 25, 50]
1874
[1, 5, 10, 25, 50]
1875
[1, 5, 10, 25, 50]
1876
[1, 5, 10, 25, 50]
1877
[1, 5, 10, 25, 50]
1878
[1, 5, 10, 25, 50]
1879
[1, 5, 10, 25, 50]
1880
[1, 5, 10, 25, 50]
1881
[1, 5, 10, 25, 50]
1882
[1, 5, 10, 25, 50]
1883
[1, 5, 10, 25, 50]
1884
[1, 5, 10, 25, 50]
1885
[1, 5, 10, 25, 50]
1886
[1, 5, 10, 25, 50]
1887
[1, 5, 10, 25, 50]
1888
[1, 5, 10, 25, 50]
1889
[1, 5, 10, 25, 50]
1890
[1, 5, 10, 25, 50]
1891
[1, 5, 10, 25, 50]
1892
[1, 5, 10, 25, 50]
1893
[1, 5, 10, 25, 50]
1894
[1, 5, 10, 25, 50]
1895
[1, 5, 10, 25, 50]
1896
[1, 5, 10, 25, 50]
1897
[1, 5, 10, 25, 50]
1898
[1, 5, 10, 25, 50]
1899
[1, 5, 10, 25, 50]
1900
[1, 5, 10, 25, 50]
1901
[1, 5, 10, 25, 50]
1902
[1, 5, 10, 25, 50]
1903
[1, 5, 10, 25, 50]
1904
[1, 5, 10, 25, 50]
1905
[1, 5, 10, 25, 50]
1906
[1, 5, 10, 25, 50]
1907
[1, 5, 10, 25, 50]
1908
[1, 5, 10, 25, 50]
1909
[1, 5, 10, 25, 50]
1910
[1, 5, 10, 25, 50]
1911
[1, 5, 10, 25, 50]
1912
[1, 5, 10, 25, 50]
1913
[1, 5, 10, 25, 50]
1914
[1, 5, 10, 25, 50]
1915
[1, 5, 10, 25, 50]
1916
[1, 5, 10, 25, 50]
1917
[1, 5, 10, 25, 50]
1918
[1, 5, 10, 25, 50]
1919
[1, 5, 10, 25, 50]
1920
[1, 5, 10, 25, 50]
1921
[1, 5, 10, 25, 50]
1922
[1, 5, 10, 25, 50]
1923
[1, 5, 10, 25, 50]
1924
[1, 5, 10, 25, 50]
1925
[1, 5, 10, 25, 50]
1926
[1, 5, 10, 25, 50]
1927
[1, 5, 10, 25, 50]
1928
[1, 5, 10, 25, 50]
1929
[1, 5, 10, 25, 50]
1930
[1, 5, 10, 25, 50]
1931
[1, 5, 10, 25, 50]
1932
[1, 5, 10, 25, 50]
1933
[1, 5, 10, 25, 50]
1934
[1, 5, 10, 25, 50]
1935
[1, 5, 10, 25, 50]
1936
[1, 5, 10, 25, 50]
1937
[1, 5, 10, 25, 50]
1938
[1, 5, 10, 25, 50]
1939
[1, 5, 10, 25, 50]
1940
[1, 5, 10, 25, 50]
1941
[1, 5, 10, 25, 50]
1942
[1, 5, 10, 25, 50]
1943
[1, 5, 10, 25, 50]
1944
[1, 5, 10, 25, 50]
1945
[1, 5, 10, 25, 50]
1946
[1, 5, 10, 25, 50]
1947
[1, 5, 10, 25, 50]
1948
[1, 5, 10, 25, 50]
1949
[1, 5, 10, 25, 50]
1950
[1, 5, 10, 25, 50]
1951
[1, 5, 10, 25, 50]
1952
[1, 5, 10, 25, 50]
1953
[1, 5, 10, 25, 50]
1954
[1, 5, 10, 25, 50]
1955
[1, 5, 10, 25, 50]
1956
[1, 5, 10, 25, 50]
1957
[1, 5, 10, 25, 50]
1958
[1, 5, 10, 25, 50]
1959
[1, 5, 10, 25, 50]
1960
[1, 5, 10, 25, 50]
1961
[1, 5, 10, 25, 50]
1962
[1, 5, 10, 25, 50]
1963
[1, 5, 10, 25, 50]
1964
[1, 5, 10, 25, 50]
1965
[1, 5, 10, 25, 50]
1966
[1, 5, 10, 25, 50]
1967
[1, 5, 10, 25, 50]
1968
[1, 5, 10, 25, 50]
1969
[1, 5, 10, 25, 50]
1970
[1, 5, 10, 25, 50]
1971
[1, 5, 10, 25, 50]
1972
[1, 5, 10, 25, 50]
1973
[1, 5, 10, 25, 50]
1974
[1, 5, 10, 25, 50]
1975
[1, 5, 10, 25, 50]
1976
[1, 5, 10, 25, 50]
1977
[1, 5, 10, 25, 50]
1978
[1, 5, 10, 25, 50]
1979
[1, 5, 10, 25, 50]
1980
[1, 5, 10, 25, 50]
1981
[1, 5, 10, 25, 50]
1982
[1, 5, 10, 25, 50]
1983
[1, 5, 10, 25, 50]
1984
[1, 5, 10, 25, 50]
1985
[1, 5, 10, 25, 50]
1986
[1, 5, 10, 25, 50]
1987
[1, 5, 10, 25, 50]
1988
[1, 5, 10, 25, 50]
1989
[1, 5, 10, 25, 50]
1990
[1, 5, 10, 25, 50]
1991
[1, 5, 10, 25, 50]
1992
[1, 5, 10, 25, 50]
1993
[1, 5, 10, 25, 50]
1994
[1, 5, 10, 25, 50]
1995
[1, 5, 10, 25, 50]
1996
[1, 5, 10, 25, 50]
1997
[1, 5, 10, 25, 50]
1998
[1, 5, 10, 25, 50]
1999
[1, 5, 10, 25, 50]
2000
[1, 5, 10, 25, 50]
2001
[1, 5, 10, 25, 50]
2002
[1, 5, 10, 25, 50]
2003
[1, 5, 10, 25, 50]
2004
[1, 5, 10, 25, 50]
2005
[1, 5, 10, 25, 50]
2006
[1, 5, 10, 25, 50]
2007
[1, 5, 10, 25, 50]
2008
[1, 5, 10, 25, 50]
2009
[1, 5, 10, 25, 50]
2010
[1, 5, 10, 25, 50]
2011
[1, 5, 10, 25, 50]
2012
[1, 5, 10, 25, 50]
2013
[1, 5, 10, 25, 50]
2014
[1, 5, 10, 25, 50]
2015
[1, 5, 10, 25, 50]
2016
[1, 5, 10, 25, 50]
2017
[1, 5, 10, 25, 50]
2018
[1, 5, 10, 25, 50]
2019
[1, 5, 10, 25, 50]
2020
[1, 5, 10, 25, 50]
2021
[1, 5, 10, 25, 50]
2022
[1, 5, 10, 25, 50]
2023
[1, 5, 10, 25, 50]
2024
[1, 5, 10, 25, 50]
2025
[1, 5, 10, 25, 50]
2026
[1, 5, 10, 25, 50]
2027
[1, 5, 10, 25, 50]
2028
[1, 5, 10, 25, 50]
2029
[1, 5, 10, 25, 50]
2030
[1, 5, 10, 25, 50]
2031
[1, 5, 10, 25, 50]
2032
[1, 5, 10, 25, 50]
2033
[1, 5, 10, 25, 50]
2034
[1, 5, 10, 25, 50]
2035
[1, 5, 10, 25, 50]
2036
[1, 5, 10, 25, 50]
2037
[1, 5, 10, 25, 50]
2038
[1, 5, 10, 25, 50]
2039
[1, 5, 10, 25, 50]
2040
[1, 5, 10, 25, 50]
2041
[1, 5, 10, 25, 50]
2042
[1, 5, 10, 25, 50]
2043
[1, 5, 10, 25, 50]
2044
[1, 5, 10, 25, 50]
2045
[1, 5, 10, 25, 50]
2046
[1, 5, 10, 25, 50]
2047
[1, 5, 10, 25, 50]
2048
[1, 5, 10, 25, 50]
2049
[1, 5, 10, 25, 50]
2050
[1, 5, 10, 25, 50]
2051
[1, 5, 10, 25, 50]
2052
[1, 5, 10, 25, 50]
2053
[1, 5, 10, 25, 50]
2054
[1, 5, 10, 25, 50]
2055
[1, 5, 10, 25, 50]
2056
[1, 5, 10, 25, 50]
2057
[1, 5, 10, 25, 50]
2058
[1, 5, 10, 25, 50]
2059
[1, 5, 10, 25, 50]
2060
[1, 5, 10, 25, 50]
2061
[1, 5, 10, 25, 50]
2062
[1, 5, 10, 25, 50]
2063
[1, 5, 10, 25, 50]
2064
[1, 5, 10, 25, 50]
2065
[1, 5, 10, 25, 50]
2066
[1, 5, 10, 25, 50]
2067
[1, 5, 10, 25, 50]
2068
[1, 5, 10, 25, 50]
2069
[1, 5, 10, 25, 50]
2070
[1, 5, 10, 25, 50]
2071
[1, 5, 10, 25, 50]
2072
[1, 5, 10, 25, 50]
2073
[1, 5, 10, 25, 50]
2074
[1, 5, 10, 25, 50]
2075
[1, 5, 10, 25, 50]
2076
[1, 5, 10, 25, 50]
2077
[1, 5, 10, 25, 50]
2078
[1, 5, 10, 25, 50]
2079
[1, 5, 10, 25, 50]
2080
[1, 5, 10, 25, 50]
2081
[1, 5, 10, 25, 50]
2082
[1, 5, 10, 25, 50]
2083
[1, 5, 10, 25, 50]
2084
[1, 5, 10, 25, 50]
2085
[1, 5, 10, 25, 50]
2086
[1, 5, 10, 25, 50]
2087
[1, 5, 10, 25, 50]
2088
[1, 5, 10, 25, 50]
2089
[1, 5, 10, 25, 50]
2090
[1, 5, 10, 25, 50]
2091
[1, 5, 10, 25, 50]
2092
[1, 5, 10, 25, 50]
2093
[1, 5, 10, 25, 50]
2094
[1, 5, 10, 25, 50]
2095
[1, 5, 10, 25, 50]
2096
[1, 5, 10, 25, 50]
2097
[1, 5, 10, 25, 50]
2098
[1, 5, 10, 25, 50]
2099
[1, 5, 10, 25, 50]
2100
[1, 5, 10, 25, 50]
2101
[1, 5, 10, 25, 50]
2102
[1, 5, 10, 25, 50]
2103
[1, 5, 10, 25, 50]
2104
[1, 5, 10, 25, 50]
2105
[1, 5, 10, 25, 50]
2106
[1, 5, 10, 25, 50]
2107
[1, 5, 10, 25, 50]
2108
[1, 5, 10, 25, 50]
2109
[1, 5, 10, 25, 50]
2110
[1, 5, 10, 25, 50]
2111
[1, 5, 10, 25, 50]
2112
[1, 5, 10, 25, 50]
2113
[1, 5, 10, 25, 50]
2114
[1, 5, 10, 25, 50]
2115
[1, 5, 10, 25, 50]
2116
[1, 5, 10, 25, 50]
2117
[1, 5, 10, 25, 50]
2118
[1, 5, 10, 25, 50]
2119
[1, 5, 10, 25, 50]
2120
[1, 5, 10, 25, 50]
2121
[1, 5, 10, 25, 50]
2122
[1, 5, 10, 25, 50]
2123
[1, 5, 10, 25, 50]
2124
[1, 5, 10, 25, 50]
2125
[1, 5, 10, 25, 50]
2126
[1, 5, 10, 25, 50]
2127
[1, 5, 10, 25, 50]
2128
[1, 5, 10, 25, 50]
2129
[1, 5, 10, 25, 50]
2130
[1, 5, 10, 25, 50]
2131
[1, 5, 10, 25, 50]
2132
[1, 5, 10, 25, 50]
2133
[1, 5, 10, 25, 50]
2134
[1, 5, 10, 25, 50]
2135
[1, 5, 10, 25, 50]
2136
[1, 5, 10, 25, 50]
2137
[1, 5, 10, 25, 50]
2138
[1, 5, 10, 25, 50]
2139
[1, 5, 10, 25, 50]
2140
[1, 5, 10, 25, 50]
2141
[1, 5, 10, 25, 50]
2142
[1, 5, 10, 25, 50]
2143
[1, 5, 10, 25, 50]
2144
[1, 5, 10, 25, 50]
2145
[1, 5, 10, 25, 50]
2146
[1, 5, 10, 25, 50]
2147
[1, 5, 10, 25, 50]
2148
[1, 5, 10, 25, 50]
2149
[1, 5, 10, 25, 50]
2150
[1, 5, 10, 25, 50]
2151
[1, 5, 10, 25, 50]
2152
[1, 5, 10, 25, 50]
2153
[1, 5, 10, 25, 50]
2154
[1, 5, 10, 25, 50]
2155
[1, 5, 10, 25, 50]
2156
[1, 5, 10, 25, 50]
2157
[1, 5, 10, 25, 50]
2158
[1, 5, 10, 25, 50]
2159
[1, 5, 10, 25, 50]
2160
[1, 5, 10, 25, 50]
2161
[1, 5, 10, 25, 50]
2162
[1, 5, 10, 25, 50]
2163
[1, 5, 10, 25, 50]
2164
[1, 5, 10, 25, 50]
2165
[1, 5, 10, 25, 50]
2166
[1, 5, 10, 25, 50]
2167
[1, 5, 10, 25, 50]
2168
[1, 5, 10, 25, 50]
2169
[1, 5, 10, 25, 50]
2170
[1, 5, 10, 25, 50]
2171
[1, 5, 10, 25, 50]
2172
[1, 5, 10, 25, 50]
2173
[1, 5, 10, 25, 50]
2174
[1, 5, 10, 25, 50]
2175
[1, 5, 10, 25, 50]
2176
[1, 5, 10, 25, 50]
2177
[1, 5, 10, 25, 50]
2178
[1, 5, 10, 25, 50]
2179
[1, 5, 10, 25, 50]
2180
[1, 5, 10, 25, 50]
2181
[1, 5, 10, 25, 50]
2182
[1, 5, 10, 25, 50]
2183
[1, 5, 10, 25, 50]
2184
[1, 5, 10, 25, 50]
2185
[1, 5, 10, 25, 50]
2186
[1, 5, 10, 25, 50]
2187
[1, 5, 10, 25, 50]
2188
[1, 5, 10, 25, 50]
2189
[1, 5, 10, 25, 50]
2190
[1, 5, 10, 25, 50]
2191
[1, 5, 10, 25, 50]
2192
[1, 5, 10, 25, 50]
2193
[1, 5, 10, 25, 50]
2194
[1, 5, 10, 25, 50]
2195
[1, 5, 10, 25, 50]
2196
[1, 5, 10, 25, 50]
2197
[1, 5, 10, 25, 50]
2198
[1, 5, 10, 25, 50]
2199
[1, 5, 10, 25, 50]
2200
