[1, 2, 6, 12, 24, 48, 60]
[1, 6, 13, 37, 150]
10
[1, 2, 6, 12, 24, 48, 60]
[1, 6, 13, 37, 150]
11
[1, 2, 6, 12, 24, 48, 60]
[1, 6, 13, 37, 150]
12
[1, 2, 6, 12, 24, 48, 60]
[1, 6, 13, 37, 150]
13
[1, 2, 6, 12, 24, 48, 60]
[1, 6, 13, 37, 150]
14
[1, 2, 6, 12, 24, 48, 60]
[1, 6, 13, 37, 150]
15
[1, 2, 6, 12, 24, 48, 60]
[1, 6, 13, 37, 150]
16
[1, 2, 6, 12, 24, 48, 60]
[1, 6, 13, 37, 150]
17
[1, 2, 6, 12, 24, 48, 60]
[1, 6, 13, 37, 150]
18
[1, 2, 6, 12, 24, 48, 60]
[1, 6, 13, 37, 150]
19
[1, 2, 6, 12, 24, 48, 60]
[1, 6, 13, 37, 150]
20
[1, 2, 6, 12, 24, 48, 60]
[1, 6, 13, 37, 150]
21
[1, 2, 6, 12, 24, 48, 60]
[1, 6, 13, 37, 150]
22
[1, 2, 6, 12, 24, 48, 60]
[1, 6, 13, 37, 150]
23
[1, 2, 6, 12, 24, 48, 60]
[1, 6, 13, 37, 150]
24
[1, 2, 6, 12, 24, 48, 60]
[1, 6, 13, 37, 150]
25
[1, 2, 6, 12, 24, 48, 60]
[1, 6, 13, 37, 150]
26
[1, 2, 6, 12, 24, 48, 60]
[1, 6, 13, 37, 150]
27
[1, 2, 6, 12, 24, 48, 60]
[1, 6, 13, 37, 150]
28
[1, 2, 6, 12, 24, 48, 60]
[1, 6, 13, 37, 150]
29
[1, 2, 6, 12, 24, 48, 60]
[1, 6, 13, 37, 150]
30
[1, 2, 6, 12, 24, 48, 60]
[1, 6, 13, 37, 150]
31
[1, 2, 6, 12, 24, 48, 60]
[1, 6, 13, 37, 150]
32
[1, 2, 6, 12, 24, 48, 60]
[1, 6, 13, 37, 150]
33
[1, 2, 6, 12, 24, 48, 60]
[1, 6, 13, 37, 150]
34
[1, 2, 6, 12, 24, 48, 60]
[1, 6, 13, 37, 150]
35
[1, 2, 6, 12, 24, 48, 60]
[1, 6, 13, 37, 150]
36
[1, 2, 6, 12, 24, 48, 60]
[1, 6, 13, 37, 150]
37
[1, 2, 6, 12, 24, 48, 60]
[1, 6, 13, 37, 150]
38
[1, 2, 6, 12, 24, 48, 60]
[1, 6, 13, 37, 150]
39
[1, 2, 6, 12, 24, 48, 60]
[1, 6, 13, 37, 150]
40
[1, 2, 6, 12, 24, 48, 60]
[1, 6, 13, 37, 150]
41
[1, 2, 6, 12, 24, 48, 60]
[1, 6, 13, 37, 150]
42
[1, 2, 6, 12, 24, 48, 60]
[1, 6, 13, 37, 150]
43
[1, 2, 6, 12, 24, 48, 60]
[1, 6, 13, 37, 150]
44
[1, 2, 6, 12, 24, 48, 60]
[1, 6, 13, 37, 150]
45
[1, 2, 6, 12, 24, 48, 60]
[1, 6, 13, 37, 150]
46
[1, 2, 6, 12, 24, 48, 60]
[1, 6, 13, 37, 150]
47
[1, 2, 6, 12, 24, 48, 60]
[1, 6, 13, 37, 150]
48
[1, 2, 6, 12, 24, 48, 60]
[1, 6, 13, 37, 150]
49
