[1, 5, 10, 25, 50]
10
[1, 5, 10, 25, 50]
11
[1, 5, 10, 25, 50]
12
[1, 5, 10, 25, 50]
13
[1, 5, 10, 25, 50]
14
[1, 5, 10, 25, 50]
15
[1, 5, 10, 25, 50]
16
[1, 5, 10, 25, 50]
17
[1, 5, 10, 25, 50]
18
[1, 5, 10, 25, 50]
19
[1, 5, 10, 25, 50]
20
[1, 5, 10, 25, 50]
21
[1, 5, 10, 25, 50]
22
[1, 5, 10, 25, 50]
23
[1, 5, 10, 25, 50]
24
[1, 5, 10, 25, 50]
25
[1, 5, 10, 25, 50]
26
[1, 5, 10, 25, 50]
27
[1, 5, 10, 25, 50]
28
[1, 5, 10, 25, 50]
29
[1, 5, 10, 25, 50]
30
[1, 5, 10, 25, 50]
31
[1, 5, 10, 25, 50]
32
[1, 5, 10, 25, 50]
33
[1, 5, 10, 25, 50]
34
[1, 5, 10, 25, 50]
35
[1, 5, 10, 25, 50]
36
[1, 5, 10, 25, 50]
37
[1, 5, 10, 25, 50]
38
[1, 5, 10, 25, 50]
39
[1, 5, 10, 25, 50]
40
[1, 5, 10, 25, 50]
41
[1, 5, 10, 25, 50]
42
[1, 5, 10, 25, 50]
43
[1, 5, 10, 25, 50]
44
[1, 5, 10, 25, 50]
45
[1, 5, 10, 25, 50]
46
[1, 5, 10, 25, 50]
47
[1, 5, 10, 25, 50]
48
[1, 5, 10, 25, 50]
49
